1     9
S   9   1.00
      1.471000D+04           7.210000D-04
      2.207000D+03           5.553000D-03
      5.028000D+02           2.826700D-02
      1.426000D+02           1.064440D-01
      4.647000D+01           2.868140D-01
      1.670000D+01           4.486410D-01
      6.356000D+00           2.647610D-01
      1.316000D+00           1.533300D-02
      3.897000D-01          -2.332000D-03
S   9   1.00
      1.471000D+04          -1.650000D-04
      2.207000D+03          -1.308000D-03
      5.028000D+02          -6.495000D-03
      1.426000D+02          -2.669100D-02
      4.647000D+01          -7.369000D-02
      1.670000D+01          -1.707760D-01
      6.356000D+00          -1.123270D-01
      1.316000D+00           5.628140D-01
      3.897000D-01           5.687780D-01
S   1   1.00
      3.897000D-01           1.000000D+00
S   1   1.00
      0.0986300              1.0000000
P   4   1.00
      2.267000D+01           4.487800D-02
      4.977000D+00           2.357180D-01
      1.347000D+00           5.085210D-01
      3.471000D-01           4.581200D-01
P   1   1.00
      3.471000D-01           1.000000D+00
P   1   1.00
      0.0850200              1.0000000
D   1   1.00
      1.640000D+00           1.0000000
D   1   1.00
      0.4640000              1.0000000
2   9
S   9   1.00
      1.471000D+04           7.210000D-04
      2.207000D+03           5.553000D-03
      5.028000D+02           2.826700D-02
      1.426000D+02           1.064440D-01
      4.647000D+01           2.868140D-01
      1.670000D+01           4.486410D-01
      6.356000D+00           2.647610D-01
      1.316000D+00           1.533300D-02
      3.897000D-01          -2.332000D-03
S   9   1.00
      1.471000D+04          -1.650000D-04
      2.207000D+03          -1.308000D-03
      5.028000D+02          -6.495000D-03
      1.426000D+02          -2.669100D-02
      4.647000D+01          -7.369000D-02
      1.670000D+01          -1.707760D-01
      6.356000D+00          -1.123270D-01
      1.316000D+00           5.628140D-01
      3.897000D-01           5.687780D-01
S   1   1.00
      3.897000D-01           1.000000D+00
S   1   1.00
      0.0986300              1.0000000
P   4   1.00
      2.267000D+01           4.487800D-02
      4.977000D+00           2.357180D-01
      1.347000D+00           5.085210D-01
      3.471000D-01           4.581200D-01
P   1   1.00
      3.471000D-01           1.000000D+00
P   1   1.00
      0.0850200              1.0000000
D   1   1.00
      1.640000D+00           1.0000000
D   1   1.00
      0.4640000              1.0000000
