1 1 2.1381620600973304E-07
1 2 4.1354568125010697E-05
1 3 3.4449336466679295E-09
1 4 1.0029058770094106E-04
1 5 3.6190446274174761E-04
1 8 -2.7976765837905826E-06
1 11 -3.9360610172572043E-08
1 14 -8.0894245372782109E-06
1 17 -3.0780236915987784E-05
1 20 -5.2025107539734703E-09
1 25 -2.5248818555388930E-05
1 30 -2.7421492148463447E-04
1 36 -4.2970358731582398E-10
1 43 -2.0189337719889830E-06
1 47 3.0278527136701331E-08
1 48 4.8912711252711338E-06
1 49 8.6028667339787208E-13
1 50 1.2851178748989139E-05
1 51 1.9166459956578182E-04
1 54 -4.0299495075227213E-06
1 57 -7.9411840296858054E-09
1 60 -1.1970293253090159E-05
1 63 -1.7249512301907772E-04
1 66 -1.1973634790917104E-13
1 71 -5.1840650348398686E-07
1 76 -6.0178268699889160E-05
1 82 3.8105995722870442E-11
1 89 1.3782968883067620E-06
1 93 3.9217357566407771E-04
1 94 3.7240875977940222E-04
1 95 2.8370558837470381E-04
1 98 -1.3158072907610779E-04
1 101 -9.1164377969090525E-05
1 104 -4.9843239397240086E-05
1 107 -2.9006210099565385E-04
1 112 -2.5092810537070563E-04
1 117 -1.3245661149200214E-04
2 2 8.4873554996936981E-03
2 3 1.8243732505821880E-06
2 4 2.0273544625220127E-02
2 5 6.6110242359995769E-02
2 8 -4.7579429311427811E-04
2 11 -7.0259807040145635E-06
2 14 -1.3752650646489978E-03
2 17 -5.1600989288876735E-03
2 20 -3.1655852950109195E-06
2 25 -6.2351174915010040E-03
2 30 -5.1880703816921274E-02
2 36 -8.0904908884709058E-08
2 43 -3.5170689026852071E-04
2 47 6.4826778569840015E-06
2 48 1.0507293445957181E-03
2 49 2.6246350562309219E-10
2 50 2.7577643939489058E-03
2 51 3.5984004937089670E-02
2 54 -1.0220299649284748E-03
2 57 -4.6960690088547944E-06
2 60 -3.0318539639022767E-03
2 63 -3.2819765895097865E-02
2 66 -3.7104443909105491E-11
2 71 -1.2432427559217184E-04
2 76 -1.1588639943599632E-02
2 82 5.4617773307363736E-08
2 89 5.0466186818406045E-04
2 93 7.0584895269666839E-02
2 94 6.6048526321476231E-02
2 95 4.9963828559506269E-02
2 98 -2.3472716592050163E-02
2 101 -1.6009521700715013E-02
2 104 -8.6911356257762112E-03
2 107 -5.2939818889777862E-02
2 112 -4.4391897304693277E-02
2 117 -2.3124600853203680E-02
3 3 5.0950261791214323E-09
3 4 3.6798318130182565E-06
3 5 4.3124223127319534E-06
3 8 -1.6383078777294720E-10
3 11 -1.4581790347461665E-11
3 14 -4.5580121721422136E-10
3 17 -5.1039340170625490E-10
3 20 -1.0391714861162378E-08
3 25 -3.1681563249311331E-06
3 30 -4.7806742122527816E-06
3 36 -4.9401264326198681E-13
3 43 -3.5277446433916608E-10
3 47 1.7016863528639961E-09
3 48 2.8211717842745356E-07
3 49 2.0063797881863765E-13
3 50 7.3526351228566659E-07
3 51 3.3102051059572653E-06
3 54 -5.1458079361021387E-07
3 57 -9.1111102772799113E-09
3 60 -1.5166553184281080E-06
3 63 -3.4285460096499561E-06
3 66 -2.6155268237719472E-14
3 71 -4.2168065322664842E-08
3 76 -8.6671741301025869E-07
3 82 1.4605346553936545E-10
3 89 5.2607421647312634E-07
3 93 3.6553712081676663E-06
3 94 2.6210289909733005E-06
3 95 1.7123276970853003E-06
3 98 -1.0753063199296564E-06
3 101 -5.3321431356437421E-07
3 104 -2.4357074112942483E-07
3 107 -2.9791830578149686E-06
3 112 -1.4319462396314077E-06
3 117 -5.4278942604045672E-07
4 4 4.8611607236694721E-02
4 5 1.6274828320662496E-01
4 8 -1.1946610713247231E-03
4 11 -1.7406602936995814E-05
4 14 -3.4534642965233478E-03
4 17 -1.3009135344914073E-02
4 20 -6.2841961776581708E-06
4 25 -1.4267590083937066E-02
4 30 -1.2653402812555570E-01
4 36 -1.9760735539106878E-07
4 43 -8.7718768723794817E-04
4 47 1.5326193371603942E-05
4 48 2.4821120894079063E-03
4 49 5.7589846403919873E-10
4 50 6.5162424853986017E-03
4 51 8.7939844372368375E-02
4 54 -2.3256269566428477E-03
4 57 -9.3807544716641074E-06
4 60 -6.9008824881633462E-03
4 63 -7.9926460025994850E-02
4 66 -8.1198348764929550E-11
4 71 -2.8639014282041215E-04
4 76 -2.8135976958458701E-02
4 82 1.0238042362178637E-07
4 89 1.0734667656664204E-03
4 93 1.7446273972724510E-01
4 94 1.6390828019363352E-01
4 95 1.2423241992755543E-01
4 98 -5.8157632187499878E-02
4 101 -3.9838021376967077E-02
4 104 -2.1669599492838677E-02
4 107 -1.3035884880101958E-01
4 112 -1.1024163536905804E-01
4 117 -5.7637610178983577E-02
5 5 1.2924922563867502E+00
5 8 -8.9734998579938802E-03
5 11 -5.6655913049709494E-05
5 14 -2.6048222296922944E-02
5 17 -2.7026092574225091E-01
5 20 -7.1037195769109680E-06
5 25 -2.7246457705916580E-02
5 30 -5.9015276328573507E-01
5 36 -4.7804159804000657E-07
5 43 -3.7081212789421966E-03
5 47 4.0600679502086174E-05
5 48 6.5348291072893734E-03
5 49 8.2973835163099178E-10
5 50 1.7189151423022485E-02
5 51 4.9951327058371997E-01
5 54 -2.6900447019279532E-03
5 57 -6.0783200677757983E-06
5 60 -7.9891943256821495E-03
5 63 -3.0515812296084310E-01
5 66 -1.1401767071126338E-10
5 71 -5.2969736870569714E-04
5 76 -9.3599093788203483E-02
5 82 5.5597467447503366E-08
5 89 8.6887055187845623E-04
5 93 1.8349965137932140E+00
5 94 2.5280785427049279E+00
5 95 2.4520684211572066E+00
5 98 -6.5397658784194512E-01
5 101 -7.1508371250326641E-01
5 104 -5.1816158710567173E-01
5 107 -8.4026866265508582E-01
5 112 -1.2798153728554438E+00
5 117 -1.0545753403415610E+00
6 6 3.7308438751536596E-02
6 9 3.4842694024743758E-03
6 12 1.0355842959783779E-01
6 15 2.3694456175966178E-01
6 21 -9.4404668209544525E-12
6 26 -2.2187639242217959E-05
6 31 -2.1710612557307046E-03
6 37 -2.4187614801671642E-04
6 39 2.4681249126009186E-04
6 44 -2.7553447118029123E-02
6 46 2.2762083305617263E-02
6 52 6.8256523608142593E-03
6 55 4.8567138183806233E-05
6 58 2.0223194575767482E-02
6 61 1.7747063061466634E-01
6 67 -6.3310875343333664E-12
6 72 -6.5540171026836247E-05
6 77 -1.5050379401090044E-02
6 83 -3.2117985980853899E-07
6 85 3.6712321099551535E-07
6 90 -1.5205118390051206E-03
6 92 1.5813401589270955E-03
6 96 2.0810330219781570E-01
6 99 1.3592133838357287E-01
6 102 7.2124895079412887E-02
6 108 -6.2445653991600673E-02
6 113 -7.6215510409505860E-02
6 118 -5.1599224866794642E-02
7 7 3.7308438751536596E-02
7 10 3.4842694024743758E-03
7 13 1.0355842959783779E-01
7 16 2.3694456175966178E-01
7 19 -9.4404668209544525E-12
7 24 -2.2187639242217959E-05
7 29 -2.1710612557307046E-03
7 33 -2.4681249126009186E-04
7 35 -2.4187614801671642E-04
7 40 -2.2762083305617263E-02
7 42 -2.7553447118029123E-02
7 53 6.8256523608142593E-03
7 56 4.8567138183806233E-05
7 59 2.0223194575767482E-02
7 62 1.7747063061466634E-01
7 65 -6.3310875343333664E-12
7 70 -6.5540171026836247E-05
7 75 -1.5050379401090044E-02
7 79 -3.6712321099551535E-07
7 81 -3.2117985980853899E-07
7 86 -1.5813401589270955E-03
7 88 -1.5205118390051206E-03
7 97 2.0810330219781570E-01
7 100 1.3592133838357287E-01
7 103 7.2124895079412887E-02
7 106 -6.2445653991600673E-02
7 111 -7.6215510409505860E-02
7 116 -5.1599224866794642E-02
8 8 9.3628730359335798E-03
8 11 5.0852047302971212E-04
8 14 2.6522792692772676E-02
8 17 8.1568406334128610E-02
8 20 -2.3068790574531843E-10
8 25 -2.3269156926334294E-04
8 30 -1.4076273684201127E-02
8 36 -6.1876923638181606E-05
8 43 -1.1189685104953495E-02
8 47 6.0019113314345116E-06
8 48 9.7764338486423124E-04
8 49 3.4241285977632243E-10
8 50 2.5619607896257167E-03
8 51 1.9479033962107008E-02
8 54 3.4787808417998994E-04
8 57 -3.9814883071167252E-07
8 60 1.0348959165720855E-03
8 63 3.1801829101362082E-02
8 66 -4.9658275091174703E-11
8 71 -1.5301829973101368E-04
8 76 -1.3590308202393124E-02
8 82 1.4377012066443968E-08
8 89 -9.6127126027657314E-07
8 93 2.5243572152147276E-03
8 94 -4.7815329961239886E-03
8 95 -6.9823350738960543E-03
8 98 7.0435961525062776E-02
8 101 5.1078226515258077E-02
8 104 2.8678218024999938E-02
8 107 -4.2272830094552974E-02
8 112 -5.1603894442325438E-02
8 117 -3.6532780950312441E-02
9 9 9.3785830397035254E-04
9 12 8.7775821189397078E-03
9 15 7.6927062286470662E-03
9 21 -7.8721164151302319E-13
9 26 -5.1090142784788807E-07
9 31 -1.1513363122643619E-05
9 37 -1.0626855300699514E-04
9 39 1.1262164295307821E-04
9 44 -4.6604040946221850E-03
9 46 4.3905383621206124E-03
9 52 8.1002533121637109E-04
9 55 1.2239464421400753E-05
9 58 2.3905068564788619E-03
9 61 7.7021303265650751E-03
9 67 -4.7513576381480624E-12
9 72 -3.1958051732000053E-05
9 77 -3.0236951594737917E-03
9 83 -9.3013040685619040E-08
9 85 1.1649552225048652E-07
9 90 -2.1140437209750401E-04
9 92 3.3641522263997743E-04
9 96 5.5641643964206445E-03
9 99 2.9231765483827298E-03
9 102 1.3761154597762303E-03
9 108 -4.6340396831050729E-03
9 113 -3.0043648504590875E-03
9 118 -1.3437776547217692E-03
10 10 9.3785830397035254E-04
10 13 8.7775821189397078E-03
10 16 7.6927062286470662E-03
10 19 -7.8721164151302319E-13
10 24 -5.1090142784788807E-07
10 29 -1.1513363122643619E-05
10 33 -1.1262164295307821E-04
10 35 -1.0626855300699514E-04
10 40 -4.3905383621206124E-03
10 42 -4.6604040946221850E-03
10 53 8.1002533121637109E-04
10 56 1.2239464421400753E-05
10 59 2.3905068564788619E-03
10 62 7.7021303265650751E-03
10 65 -4.7513576381480624E-12
10 70 -3.1958051732000053E-05
10 75 -3.0236951594737917E-03
10 79 -1.1649552225048652E-07
10 81 -9.3013040685619040E-08
10 86 -3.3641522263997743E-04
10 88 -2.1140437209750401E-04
10 97 5.5641643964206445E-03
10 100 2.9231765483827298E-03
10 103 1.3761154597762303E-03
10 106 -4.6340396831050729E-03
10 111 -3.0043648504590875E-03
10 116 -1.3437776547217692E-03
11 11 1.0489294848962744E-04
11 14 1.3277591473798162E-03
11 17 1.3357776024767556E-03
11 20 -2.2699507373539345E-11
11 25 -7.7118974362587663E-06
11 30 -1.2914126763216951E-04
11 36 -2.3293156360442198E-05
11 43 -1.5150756968038382E-03
11 47 5.6186805119672458E-07
11 48 9.4136235863860623E-05
11 49 1.0349217008945701E-10
11 50 2.4454788635588763E-04
11 51 6.6337388415336476E-04
11 54 -2.6477317080724965E-05
11 57 -1.3330768073501236E-06
11 60 -7.6776438265548742E-05
11 63 6.7193672025785112E-04
11 66 -1.5780699862742466E-11
11 71 -2.7984553138762080E-05
11 76 -1.0206721239527700E-03
11 82 2.7069197258166691E-08
11 89 9.1528185122868351E-05
11 93 1.4962250131102212E-04
11 94 3.3368432678284900E-05
11 95 -7.1811601586761547E-06
11 98 9.3822864793057360E-04
11 101 5.2186854696907440E-04
11 104 2.5312533969490912E-04
11 107 -1.3066486603225817E-03
11 112 -7.8687441553958030E-04
11 117 -3.4633628793767819E-04
12 12 2.8875548868217649E-01
12 15 6.7875996556721474E-01
12 21 -2.6342816504322087E-11
12 26 -6.3865151023161952E-05
12 31 -6.3053447505144310E-03
12 37 -5.4922590785923752E-04
12 39 5.5432045616403197E-04
12 44 -7.3435473402133994E-02
12 46 5.9876604397329170E-02
12 52 1.8694415200481405E-02
12 55 1.2356745727591146E-04
12 58 5.5402025992742000E-02
12 61 5.0555771797862592E-01
12 67 -1.1500838367970867E-11
12 72 -1.4421213308581237E-04
12 77 -3.9414692205547462E-02
12 83 -7.9956019483703220E-07
12 85 8.9906775483093723E-07
12 90 -4.1193180336414970E-03
12 92 4.1139702880016171E-03
12 96 5.9787970120532918E-01
12 99 3.9153870999413215E-01
12 102 2.0802031346757444E-01
12 108 -1.7508070397113598E-01
12 113 -2.1755650105923061E-01
12 118 -1.4829661986981457E-01
13 13 2.8875548868217649E-01
13 16 6.7875996556721474E-01
13 19 -2.6342816504322087E-11
13 24 -6.3865151023161952E-05
13 29 -6.3053447505144310E-03
13 33 -5.5432045616403197E-04
13 35 -5.4922590785923752E-04
13 40 -5.9876604397329170E-02
13 42 -7.3435473402133994E-02
13 53 1.8694415200481405E-02
13 56 1.2356745727591146E-04
13 59 5.5402025992742000E-02
13 62 5.0555771797862592E-01
13 65 -1.1500838367970867E-11
13 70 -1.4421213308581237E-04
13 75 -3.9414692205547462E-02
13 79 -8.9906775483093723E-07
13 81 -7.9956019483703220E-07
13 86 -4.1139702880016171E-03
13 88 -4.1193180336414970E-03
13 97 5.9787970120532918E-01
13 100 3.9153870999413215E-01
13 103 2.0802031346757444E-01
13 106 -1.7508070397113598E-01
13 111 -2.1755650105923061E-01
13 116 -1.4829661986981457E-01
14 14 7.5297301693685550E-02
14 17 2.3557876628482302E-01
14 20 -6.3864728245570748E-10
14 25 -6.6634791553935892E-04
14 30 -4.0801775429907934E-02
14 36 -1.4619147820423616E-04
14 43 -3.0373829317337401E-02
14 47 1.6657810902030735E-05
14 48 2.7095539572401812E-03
14 49 8.4609525043688499E-10
14 50 7.1036380074742797E-03
14 51 5.5755193394113736E-02
14 54 1.0516585164872206E-03
14 57 7.8609753196425534E-07
14 60 3.1256541308449120E-03
14 63 9.1626753853611201E-02
14 66 -1.2157894063186519E-10
14 71 -4.0475858070359628E-04
14 76 -3.8085875173585221E-02
14 82 2.3574100000460450E-09
14 89 -1.3636137711624333E-04
14 93 7.1326437112055104E-03
14 94 -1.3972535128628909E-02
14 95 -2.0322121300385868E-02
14 98 2.0374104610644492E-01
14 101 1.4797867861744901E-01
14 104 8.3141822696453621E-02
14 107 -1.2119231935020902E-01
14 112 -1.4912278625557832E-01
14 117 -1.0587836011167291E-01
15 15 6.2678910469684697E+00
15 21 -3.0037538239002200E-11
15 26 -1.4455716496135452E-04
15 31 -4.8976140567559355E-02
15 37 -3.5090833853140271E-04
15 39 3.4660099102270413E-04
15 44 -8.9023854175120265E-02
15 46 6.7055739712770665E-02
15 52 3.1090330326356601E-02
15 55 1.0866671697974263E-04
15 58 9.2279440567388821E-02
15 61 2.8412080300944629E+00
15 67 -2.4287408810122481E-12
15 72 -4.3592867866721304E-05
15 77 -2.5241153294061656E-02
15 83 -6.0314835614151768E-07
15 85 6.6508897034739627E-07
15 90 -4.5879897650763710E-03
15 92 4.1364362329158128E-03
15 96 8.2196040609355876E+00
15 99 9.1089255980093373E+00
15 102 6.7742367895525932E+00
15 108 -3.6712973704927537E-01
15 113 -1.2542566994323789E+00
15 118 -2.0235325892850886E+00
16 16 6.2678910469684697E+00
16 19 -3.0037538239002200E-11
16 24 -1.4455716496135452E-04
16 29 -4.8976140567559355E-02
16 33 -3.4660099102270413E-04
16 35 -3.5090833853140271E-04
16 40 -6.7055739712770665E-02
16 42 -8.9023854175120265E-02
16 53 3.1090330326356601E-02
16 56 1.0866671697974263E-04
16 59 9.2279440567388821E-02
16 62 2.8412080300944629E+00
16 65 -2.4287408810122481E-12
16 70 -4.3592867866721304E-05
16 75 -2.5241153294061656E-02
16 79 -6.6508897034739627E-07
16 81 -6.0314835614151768E-07
16 86 -4.1364362329158128E-03
16 88 -4.5879897650763710E-03
16 97 8.2196040609355876E+00
16 100 9.1089255980093373E+00
16 103 6.7742367895525932E+00
16 106 -3.6712973704927537E-01
16 111 -1.2542566994323789E+00
16 116 -2.0235325892850886E+00
17 17 3.2466798870275251E+00
17 20 -6.8301609904542342E-10
17 25 -1.2870310704763690E-03
17 30 -2.3539253839485000E-01
17 36 -1.0024545819896622E-04
17 43 -3.9481123865413879E-02
17 47 3.0135564150904264E-05
17 48 4.8512073613544504E-03
17 49 6.2932004678796325E-10
17 50 1.2759925083879955E-02
17 51 3.4139947459018272E-01
17 54 5.6033008979522007E-03
17 57 8.5196545805451402E-06
17 60 1.6647353048584102E-02
17 63 9.5821645552680235E-01
17 66 -8.6750737297983056E-11
17 71 -4.0471537766103812E-04
17 76 -6.9579157430096725E-02
17 82 -7.4218405578098580E-08
17 89 -1.1579610644130173E-03
17 93 1.9935509865748666E-01
17 94 -1.3399531018632221E-01
17 95 -4.8415997752941325E-01
17 98 4.2699249305946836E+00
17 101 5.3688976362718819E+00
17 104 4.2826449162850908E+00
17 107 -5.3179829261862177E-01
17 112 -1.4937547592302418E+00
17 117 -2.2737515533076089E+00
18 18 6.9250313634242315E-09
18 23 2.6781696566841808E-06
18 28 4.2903246620208007E-06
18 34 -1.8695055174450120E-15
18 41 -1.6929643992210536E-12
18 64 9.0000377844307199E-15
18 69 4.2766944985104079E-08
18 74 1.9187822115986995E-06
18 80 -5.7765747017169463E-11
18 87 -3.5129414463450382E-07
18 105 3.3325810782546688E-06
18 110 1.6476628140637525E-06
18 115 6.3376293269616502E-07
19 19 3.5509801510317144E-09
19 24 1.3884106512707906E-06
19 29 2.2354569715941846E-06
19 35 -5.7837350401655769E-14
19 42 -4.9779995077997670E-11
19 53 3.4055560750007917E-07
19 56 2.0187359963394177E-08
19 59 9.8307138540620378E-07
19 62 5.8973613722945344E-07
19 65 -2.6284201904750227E-14
19 70 -5.9333196954706964E-08
19 75 -6.2535327396648523E-07
19 79 -2.9570736551387035E-10
19 81 -1.8433765359875403E-10
19 86 -3.9903978446716129E-07
19 88 -2.2933492823829235E-07
19 97 7.2494011636923818E-08
19 100 1.7837228039024405E-08
19 103 4.0558507419733781E-09
19 106 1.4482566933547519E-06
19 111 7.8592182545271522E-07
19 116 3.1647315948755513E-07
20 20 2.1755983576033019E-08
20 25 5.7912518862449620E-06
20 30 8.1097858790794906E-06
20 36 -8.4958702943909759E-13
20 43 -5.2566682370607996E-10
20 47 -2.8461288504879638E-09
20 48 -4.6930893781145266E-07
20 49 -1.8514387787510194E-13
20 50 -1.2251743945552814E-06
20 51 -5.4831296395952284E-06
20 54 9.1781559469537133E-07
20 57 1.5508526822529728E-08
20 60 2.7062173873002288E-06
20 63 5.7762202369027753E-06
20 66 1.7060552798955794E-14
20 71 5.1169693722964761E-08
20 76 1.1420628868067179E-06
20 82 -1.9744156799068886E-10
20 89 -8.9882280215410758E-07
20 93 -5.9784613376347795E-06
20 94 -4.2573363239854344E-06
20 95 -2.7713657008917232E-06
20 98 1.7682446158869015E-06
20 101 8.6811553041417339E-07
20 104 3.9452380901970343E-07
20 107 4.9367560278997368E-06
20 112 2.3493853597318189E-06
20 117 8.8590850873959149E-07
21 21 3.5509801510317144E-09
21 26 1.3884106512707906E-06
21 31 2.2354569715941846E-06
21 37 -5.7837350401655769E-14
21 44 -4.9779995077997670E-11
21 52 3.4055560750007917E-07
21 55 2.0187359963394177E-08
21 58 9.8307138540620378E-07
21 61 5.8973613722945344E-07
21 67 -2.6284201904750227E-14
21 72 -5.9333196954706964E-08
21 77 -6.2535327396648523E-07
21 83 -1.8433765359875403E-10
21 85 2.9570736551387035E-10
21 90 -2.2933492823829235E-07
21 92 3.9903978446716129E-07
21 96 7.2494011636923818E-08
21 99 1.7837228039024405E-08
21 102 4.0558507419733781E-09
21 108 1.4482566933547519E-06
21 113 7.8592182545271522E-07
21 118 3.1647315948755513E-07
22 22 6.4914067416463071E-08
22 27 1.7176029642014991E-05
22 32 2.3965155076884566E-05
22 38 -1.8695055174450131E-15
22 45 -1.6929643992210540E-12
22 68 1.2632586133163610E-13
22 73 3.2740424335289724E-07
22 78 1.1548200150686723E-05
22 84 -6.1420298657231883E-10
22 91 -2.4958059713128055E-06
22 109 1.8343487463918223E-05
22 114 8.8238750990936225E-06
22 119 3.3468695320151285E-06
23 23 6.2443506063647961E-03
23 28 3.4950615086146920E-02
23 34 -6.4015954139927093E-10
23 41 -4.1176919631185695E-06
23 64 1.1772126843595226E-11
23 69 8.5745904315395746E-05
23 74 9.3709997220134678E-03
23 80 -3.4010166308095124E-08
23 87 -4.7677997754820139E-04
23 105 3.2600191083381372E-02
23 110 2.2625473484600311E-02
23 115 1.0530948193158259E-02
24 24 3.3389729700494266E-03
24 29 1.9249029069064786E-02
24 35 -1.5280558491154838E-08
24 42 -5.8897645534581006E-05
24 53 1.6894577296861504E-03
24 56 3.8564338738086800E-05
24 59 4.9668118894858849E-03
24 62 7.1794766071971499E-03
24 65 -9.2661374797550216E-12
24 70 -4.2100991313799609E-05
24 75 -8.1769186810715696E-04
24 79 -4.1591880485510224E-07
24 81 -3.6493746540571809E-07
24 86 -9.6381297145552917E-04
24 88 -1.0075526319020867E-03
24 97 1.1193157494494713E-03
24 100 2.7335511677947257E-04
24 103 4.7288854852950131E-05
24 106 1.5376346813322395E-02
24 111 1.1620899946105776E-02
24 116 5.6814192729091094E-03
25 25 7.5489888744971201E-03
25 30 3.4205900134035759E-02
25 36 -1.3010759229212813E-07
25 43 -2.9486587454995991E-04
25 47 -4.5484799041620964E-06
25 48 -7.3536628340701118E-04
25 49 -7.7468076345275417E-11
25 50 -1.9315899664103841E-03
25 51 -1.7817001041206329E-02
25 54 1.3499570483092363E-03
25 57 9.0030292643023479E-06
25 60 4.0005622662059644E-03
25 63 1.9079290399606430E-02
25 66 7.0227734013600040E-12
25 71 6.5181488903195839E-05
25 76 5.6586035706269328E-03
25 82 -1.0294162166273448E-07
25 89 -8.7810167186076868E-04
25 93 -2.5707952736058554E-02
25 94 -2.0429738781961991E-02
25 95 -1.4076577407455878E-02
25 98 6.9266787080517738E-03
25 101 3.6624677217683868E-03
25 104 1.7250178784907816E-03
25 107 2.7185750357498144E-02
25 112 1.8486837391185600E-02
25 117 8.5967498692808252E-03
26 26 3.3389729700494266E-03
26 31 1.9249029069064786E-02
26 37 -1.5280558491154838E-08
26 44 -5.8897645534581006E-05
26 52 1.6894577296861504E-03
26 55 3.8564338738086800E-05
26 58 4.9668118894858849E-03
26 61 7.1794766071971499E-03
26 67 -9.2661374797550216E-12
26 72 -4.2100991313799609E-05
26 77 -8.1769186810715696E-04
26 83 -3.6493746540571809E-07
26 85 4.1591880485510224E-07
26 90 -1.0075526319020867E-03
26 92 9.6381297145552917E-04
26 96 1.1193157494494713E-03
26 99 2.7335511677947257E-04
26 102 4.7288854852950131E-05
26 108 1.5376346813322395E-02
26 113 1.1620899946105776E-02
26 118 5.6814192729091094E-03
27 27 2.1609559234129709E-02
27 32 9.2180086630315100E-02
27 38 -6.4015954151252426E-10
27 45 -4.1176919631185704E-06
27 68 1.2996330453460854E-10
27 73 4.0287692584153103E-04
27 78 2.8750278619504070E-02
27 84 -2.6088331275822227E-07
27 91 -1.9782805696247200E-03
27 109 8.3350994042360529E-02
27 114 5.4496619189123331E-02
27 119 2.4584552476541094E-02
28 28 9.3117248216218407E-01
28 34 -8.9139806772797392E-09
28 41 -2.2951309332032430E-04
28 64 2.9039754069185933E-11
28 69 3.8036479484328668E-04
28 74 1.1681372864081482E-01
28 80 -3.5247381253810104E-08
28 87 -1.1009064670583326E-03
28 105 1.1927749896866378E+00
28 110 1.6492258509005382E+00
28 115 1.2156316996979784E+00
29 29 5.6093827053641743E-01
29 35 -1.7513249590804733E-07
29 42 -2.3032934065677930E-03
29 53 2.1453708840174095E-02
29 56 1.6072908483562377E-04
29 59 6.3551732723875390E-02
29 62 3.8421785670675895E-01
29 65 1.9155327692536046E-12
29 70 4.3029539557456464E-05
29 75 2.4826484973395197E-02
29 79 -1.2005435434499649E-06
29 81 -1.0968666353109193E-06
29 86 -5.2249703382884994E-03
29 88 -6.1269878630471914E-03
29 97 9.4489476266735636E-02
29 100 1.4933817763385289E-02
29 103 -8.3773367063762188E-03
29 106 6.3622838942962945E-01
29 111 9.6485095651125685E-01
29 116 7.6139753121988052E-01
30 30 7.7008577230074637E-01
30 36 -1.2188060968828700E-06
30 43 -8.0000626942489019E-03
30 47 -2.3143560860859280E-05
30 48 -3.7044430828830450E-03
30 49 -6.0704728505878120E-11
30 50 -9.7611991070866867E-03
30 51 -2.8246044166974449E-01
30 54 8.1214722473219800E-03
30 57 2.3491265952932470E-05
30 60 2.4112548259644991E-02
30 63 3.5237172962059388E-01
30 66 3.2286594465384961E-12
30 71 1.7798368893305009E-04
30 76 6.0905627935503741E-02
30 82 -2.3303040711684153E-07
30 89 -3.0488432685320324E-03
30 93 -7.3054302129456528E-01
30 94 -7.4855333126594692E-01
30 95 -5.9328206980282228E-01
30 98 7.6717883682914156E-02
30 101 1.2693868069254044E-02
30 104 -7.5813040568600554E-03
30 107 8.4691307288581785E-01
30 112 1.2377068684790447E+00
30 117 9.6404932484003636E-01
31 31 5.6093827053641743E-01
31 37 -1.7513249590804733E-07
31 44 -2.3032934065677930E-03
31 52 2.1453708840174095E-02
31 55 1.6072908483562377E-04
31 58 6.3551732723875390E-02
31 61 3.8421785670675895E-01
31 67 1.9155327692536046E-12
31 72 4.3029539557456464E-05
31 77 2.4826484973395197E-02
31 83 -1.0968666353109193E-06
31 85 1.2005435434499649E-06
31 90 -6.1269878630471914E-03
31 92 5.2249703382884994E-03
31 96 9.4489476266735636E-02
31 99 1.4933817763385289E-02
31 102 -8.3773367063762188E-03
31 108 6.3622838942962945E-01
31 113 9.6485095651125685E-01
31 118 7.6139753121988052E-01
32 32 1.6900345044127254E+00
32 38 -8.9139806772797376E-09
32 45 -2.2951309332032441E-04
32 68 2.9651115351131894E-10
32 73 1.4731377363671903E-03
32 78 2.6241237699102005E-01
32 84 -2.4118009101888466E-07
32 91 -3.6606087170551397E-03
32 109 2.0701484604769589E+00
32 114 2.6161540102672727E+00
32 119 1.8368178877496453E+00
33 33 4.0004929177714417E-05
33 35 1.9675167671642742E-05
33 40 9.8628630210226796E-04
33 42 4.0578051147023542E-04
33 53 -5.9336635004391791E-05
33 56 -1.3137033444459153E-06
33 59 -1.7450237926344814E-04
33 62 -3.7926610667928179E-04
33 65 9.9192423697626835E-13
33 70 4.8703533557153645E-06
33 75 2.6861111989636392E-04
33 79 2.1356151892238928E-08
33 81 8.7594933884946085E-09
33 86 6.7818073591251589E-05
33 88 7.6501552427036710E-06
33 97 -2.3708573649114831E-04
33 100 -1.1757225433668131E-04
33 103 -5.3713161717638804E-05
33 106 2.7138152355415935E-04
33 111 1.4364633200248888E-04
33 116 5.7320300928674259E-05
34 34 1.9999623307671292E-06
34 41 8.5244914333397148E-05
34 64 6.3019634207803725E-13
34 69 1.8797308541600463E-06
34 74 4.9419168483191749E-05
34 80 -2.1334080584967568E-09
34 87 -7.7490609760270127E-06
34 105 2.1220946650290566E-05
34 110 5.8837347464968066E-06
34 115 1.2012711680366467E-06
35 35 1.8989020027428511E-05
35 40 4.0578051147023548E-04
35 42 4.4259160473436370E-04
35 53 -5.1865840891009783E-05
35 56 -6.0328838439742184E-07
35 59 -1.5332729021421852E-04
35 62 -3.7766667551107158E-04
35 65 1.8204455739337768E-13
35 70 3.7251691647158444E-06
35 75 2.6880899682800685E-04
35 79 8.1519339394750747E-10
35 81 -1.3636367590543331E-09
35 86 2.0803873051367004E-05
35 88 -2.6437956010460477E-06
35 97 -2.4073020322866391E-04
35 100 -1.1982433205794774E-04
35 103 -5.4841203428797190E-05
35 106 2.8462165325726798E-04
35 111 1.4898312682666798E-04
35 116 5.9038108407535369E-05
36 36 8.2117823263933929E-06
36 43 2.5517710268905961E-04
36 47 -7.6809066338344569E-08
36 48 -1.3100499790926369E-05
36 49 -1.9361934011809661E-11
36 50 -3.3848073440896544E-05
36 51 -6.3373353214675923E-05
36 54 7.8751046373481144E-06
36 57 4.9467624686301341E-07
36 60 2.2692151734989901E-05
36 63 -5.2629514491404219E-05
36 66 2.7139156865429126E-12
36 71 4.4090672181251112E-06
36 76 1.2106559846323846E-04
36 82 -1.0985264138377976E-08
36 89 -2.7713862265745903E-05
36 93 -1.5687711105242545E-05
36 94 -6.0139584096478105E-06
36 95 -2.1337312416269295E-06
36 98 -6.5802563647548263E-05
36 101 -3.3959238383348832E-05
36 104 -1.5826363408797941E-05
36 107 1.2009830448348110E-04
36 112 5.6291357210544923E-05
36 117 2.0998408445491409E-05
37 37 1.8989020027428511E-05
37 39 -1.9675167671642748E-05
37 44 4.4259160473436370E-04
37 46 -4.0578051147023548E-04
37 52 -5.1865840891009783E-05
37 55 -6.0328838439742184E-07
37 58 -1.5332729021421852E-04
37 61 -3.7766667551107158E-04
37 67 1.8204455739337768E-13
37 72 3.7251691647158444E-06
37 77 2.6880899682800685E-04
37 83 -1.3636367590543331E-09
37 85 -8.1519339394750747E-10
37 90 -2.6437956010460477E-06
37 92 -2.0803873051367004E-05
37 96 -2.4073020322866391E-04
37 99 -1.1982433205794774E-04
37 102 -5.4841203428797190E-05
37 108 2.8462165325726798E-04
37 113 1.4898312682666798E-04
37 118 5.9038108407535369E-05
38 38 1.3639136186017263E-05
38 45 4.2182560993202450E-04
38 68 8.0182973628763324E-12
38 73 1.1991127673631269E-05
38 78 2.3444345121446678E-04
38 84 -1.9957634962113962E-08
38 91 -4.5167157536739618E-05
38 109 8.9792012719479343E-05
38 114 2.4031584300399010E-05
38 119 4.8221091773913069E-06
39 39 4.0004929177714417E-05
39 44 -4.0578051147023542E-04
39 46 9.8628630210226796E-04
39 52 5.9336635004391791E-05
39 55 1.3137033444459153E-06
39 58 1.7450237926344814E-04
39 61 3.7926610667928179E-04
39 67 -9.9192423697626835E-13
39 72 -4.8703533557153645E-06
39 77 -2.6861111989636392E-04
39 83 -8.7594933884946085E-09
39 85 2.1356151892238928E-08
39 90 -7.6501552427036710E-06
39 92 6.7818073591251589E-05
39 96 2.3708573649114831E-04
39 99 1.1757225433668131E-04
39 102 5.3713161717638804E-05
39 108 -2.7138152355415935E-04
39 113 -1.4364633200248888E-04
39 118 -5.7320300928674259E-05
40 40 9.4388508913598262E-02
40 42 2.5840886309020723E-02
40 53 -5.0226817317699114E-03
40 56 -6.0041497041283054E-05
40 59 -1.4845832320529755E-02
40 62 -6.2766321071326736E-02
40 65 1.5486472053029840E-11
40 70 1.2541252924425054E-04
40 75 1.6279269035697805E-02
40 79 9.2327600520761202E-07
40 81 4.4792540474442959E-07
40 86 5.0811516302362572E-03
40 88 1.3617728659905647E-03
40 97 -5.0717779443476593E-02
40 100 -2.7925649534565007E-02
40 103 -1.3477736086745202E-02
40 106 3.2979240085322499E-02
40 111 2.4854678625003870E-02
40 116 1.2154177325201316E-02
41 41 1.7262551729192648E-02
41 64 3.3253374818793710E-11
41 69 2.1069450265553312E-04
41 74 1.6942419182695050E-02
41 80 -4.1206341962086000E-08
41 87 -3.6929231838895736E-04
41 105 1.7164623676900234E-02
41 110 7.0973236862611555E-03
41 115 1.7498566593902537E-03
42 42 4.0041632345705916E-02
42 53 -3.8408729966705789E-03
42 56 2.8898317163522904E-06
42 59 -1.1423941516334447E-02
42 62 -7.7952441267760061E-02
42 65 1.1223408495033831E-11
42 70 1.4298016609773178E-04
42 75 2.4097036872482821E-02
42 79 -2.4392158667380122E-07
42 81 -2.4810328085418926E-07
42 86 3.4559325387100343E-04
42 88 -1.8700315054914838E-04
42 97 -6.8338493662041228E-02
42 100 -3.8160786229249809E-02
42 103 -1.8539500974512835E-02
42 106 5.2164653715670223E-02
42 111 3.6112868501905759E-02
42 116 1.6513044028259025E-02
43 43 3.3710946353481028E-02
43 47 -1.1389999969827849E-05
43 48 -1.8672221380774279E-03
43 49 -8.1207671664323130E-10
43 50 -4.8833848402582746E-03
43 51 -2.1991014443020651E-02
43 54 4.2080423399520515E-04
43 57 1.3928767607718399E-05
43 60 1.2308044914089828E-03
43 63 -1.9901515043403366E-02
43 66 1.1526417907104901E-10
43 71 3.6618135479186931E-04
43 76 2.4950322646204590E-02
43 82 -2.2587519983858264E-07
43 89 -1.2066080181894236E-03
43 93 -1.0545816574800278E-02
43 94 -6.4594923819829408E-03
43 95 -3.7405243311620286E-03
43 98 -2.9106936418255118E-02
43 101 -1.6418676014675573E-02
43 104 -8.0024367282626879E-03
43 107 3.6156754892965964E-02
43 112 1.9088564003627267E-02
43 117 6.7453514140024678E-03
44 44 4.0041632345705916E-02
44 46 -2.5840886309020733E-02
44 52 -3.8408729966705789E-03
44 55 2.8898317163522904E-06
44 58 -1.1423941516334447E-02
44 61 -7.7952441267760061E-02
44 67 1.1223408495033831E-11
44 72 1.4298016609773178E-04
44 77 2.4097036872482821E-02
44 83 -2.4810328085418926E-07
44 85 2.4392158667380122E-07
44 90 -1.8700315054914838E-04
44 92 -3.4559325387100343E-04
44 96 -6.8338493662041228E-02
44 99 -3.8160786229249809E-02
44 102 -1.8539500974512835E-02
44 108 5.2164653715670223E-02
44 113 3.6112868501905759E-02
44 118 1.6513044028259025E-02
45 45 5.3114502298176471E-02
45 68 3.6078759342912812E-10
45 73 9.5002985370100043E-04
45 78 4.8783624928632419E-02
45 84 -3.0825415612415175E-07
45 91 -1.4624035985608859E-03
45 109 4.0826606362093641E-02
45 114 1.6013705230368182E-02
45 119 3.9299549020850363E-03
46 46 9.4388508913598262E-02
46 52 5.0226817317699114E-03
46 55 6.0041497041283054E-05
46 58 1.4845832320529755E-02
46 61 6.2766321071326736E-02
46 67 -1.5486472053029840E-11
46 72 -1.2541252924425054E-04
46 77 -1.6279269035697805E-02
46 83 -4.4792540474442959E-07
46 85 9.2327600520761202E-07
46 90 -1.3617728659905647E-03
46 92 5.0811516302362572E-03
46 96 5.0717779443476593E-02
46 99 2.7925649534565007E-02
46 102 1.3477736086745202E-02
46 108 -3.2979240085322499E-02
46 113 -2.4854678625003870E-02
46 118 -1.2154177325201316E-02
47 47 1.4049941600344458E-08
47 48 2.3047955527670251E-06
47 49 1.1604564229443607E-12
47 50 6.0265461801568553E-06
47 51 4.0002171661152802E-05
47 54 4.2043408393127154E-08
47 57 1.4869985906891136E-11
47 60 1.2498217940615316E-07
47 63 1.3119034370042620E-06
47 66 -1.6964058618700280E-13
47 71 -4.4087163665475118E-07
47 76 -2.4130766963238840E-05
47 82 1.7809331560435665E-15
47 89 6.1177397459262061E-09
47 93 4.6627522486321582E-05
47 94 3.8381142415514336E-05
47 95 2.6986587382330301E-05
47 98 1.4353869385080128E-05
47 101 8.3546406125995324E-06
47 104 4.1534661945633295E-06
47 107 -3.9684517159030852E-05
47 112 -2.6023324861164463E-05
47 117 -1.1672712654353901E-05
48 48 3.7869722341157754E-04
48 49 2.1880678074112681E-10
48 50 9.8971480839580022E-04
48 51 6.4566646094139125E-03
48 54 6.6935643719717316E-06
48 57 2.3715743503301345E-09
48 60 1.9897911194845138E-05
48 63 2.0876607988024943E-04
48 66 -3.2847051185851986E-11
48 71 -7.5368075330916608E-05
48 76 -3.9334188840480025E-03
48 82 2.8637970275601123E-13
48 89 9.7489999693049128E-07
48 93 7.4966352461337390E-03
48 94 6.1633691922283913E-03
48 95 4.3310479124602898E-03
48 98 2.3066790880609763E-03
48 101 1.3408018762274675E-03
48 104 6.6614847210412845E-04
48 107 -6.3794329999332967E-03
48 112 -4.1730673267687066E-03
48 117 -1.8697900132039382E-03
49 49 3.2054076914568752E-15
49 50 5.4898964386907014E-10
49 51 1.1119399588749963E-09
49 66 -1.2369630951496281E-15
49 71 -1.6372558556952860E-10
49 76 -1.3916736176957749E-09
49 93 8.3212239966745639E-10
49 94 5.8077384043524330E-10
49 95 3.7421130123358059E-10
49 98 2.4528802166385215E-10
49 101 1.1823755042904493E-10
49 104 5.3237208821880387E-11
49 107 -6.3078636997738800E-10
49 112 -2.8373582002766437E-10
49 117 -1.0386736317614374E-10
50 50 2.5869961821350651E-03
50 51 1.6968495120419105E-02
50 54 1.7667566522356904E-05
50 57 6.2562334674759373E-09
50 60 5.2520254439105634E-05
50 63 5.5111618559166382E-04
50 66 -8.1802426636675188E-11
50 71 -1.9459447194706802E-04
50 76 -1.0305426203066487E-02
50 82 7.5564407322746981E-13
50 89 2.5724648178720095E-06
50 93 1.9725901458199840E-02
50 94 1.6223846721687706E-02
50 95 1.1402739167927469E-02
50 98 6.0704733521522785E-03
50 101 3.5300706045810044E-03
50 104 1.7541918988028273E-03
50 107 -1.6786975207101779E-02
50 112 -1.0989624648982350E-02
50 117 -4.9257149408099754E-03
51 51 3.2427521581119911E-01
51 54 5.0778551349646645E-04
51 57 6.6938790493770757E-08
51 60 1.5096553157424135E-03
51 63 5.5193913532309596E-02
51 66 -1.5505122481438351E-10
51 71 -6.3692685945355380E-04
51 76 -8.4603072661330644E-02
51 82 5.8490406128810801E-12
51 89 3.6005736968471497E-05
51 93 7.1605550131447537E-01
51 94 8.0028817708924593E-01
51 95 6.7434541606704712E-01
51 98 2.5409218057004734E-01
51 101 2.1505073043399525E-01
51 104 1.3235232242454731E-01
51 107 -4.2978162033375200E-01
51 112 -4.8723283879630164E-01
51 117 -3.1304241706412589E-01
52 52 3.3934345930945174E-03
52 55 4.4809508455074245E-05
52 58 1.0023975726229525E-02
52 61 3.9313378612528802E-02
52 72 9.4577913085605160E-09
52 77 2.9247971807736232E-05
52 83 -3.7403754286359801E-07
52 85 4.1899091037615377E-07
52 90 -1.3040152817183604E-03
52 92 1.2584716042989767E-03
52 96 2.8021597797342521E-02
52 99 1.6031411763604238E-02
52 102 7.8988973656161244E-03
52 108 1.5153510657912711E-02
52 113 1.2904124185200717E-02
52 118 6.8161826318602929E-03
53 53 3.3934345930945174E-03
53 56 4.4809508455074245E-05
53 59 1.0023975726229525E-02
53 62 3.9313378612528802E-02
53 70 9.4577913085605160E-09
53 75 2.9247971807736232E-05
53 79 -4.1899091037615377E-07
53 81 -3.7403754286359801E-07
53 86 -1.2584716042989767E-03
53 88 -1.3040152817183604E-03
53 97 2.8021597797342521E-02
53 100 1.6031411763604238E-02
53 103 7.8988973656161244E-03
53 106 1.5153510657912711E-02
53 111 1.2904124185200717E-02
53 116 6.8161826318602929E-03
54 54 5.7608801108507783E-04
54 57 4.3296429706605873E-06
54 60 1.7065097752789252E-03
54 63 9.3642866276920159E-03
54 71 1.6931931869783836E-07
54 76 2.9947414446049694E-04
54 82 -6.0609577361343037E-08
54 89 -3.9841110307521578E-04
54 93 -5.4897212263796782E-04
54 94 2.0266017519563961E-04
54 95 4.1160312724332430E-04
54 98 6.9939748066036580E-03
54 101 4.3447585785055367E-03
54 104 2.2369023996098528E-03
54 107 6.8329304340390105E-03
54 112 5.7230253297240524E-03
54 117 3.1208968896549931E-03
55 55 2.2689977237223261E-06
55 58 1.2991552101734386E-04
55 61 1.7710956424803916E-04
55 72 6.3133058743991089E-12
55 77 4.2644747128486404E-09
55 83 -3.5079239883883161E-08
55 85 4.0469921309426081E-08
55 90 -4.0507398131115380E-05
55 92 4.3368459549889139E-05
55 96 8.7098140582839381E-05
55 99 4.3369872167014612E-05
55 102 1.9855391380668304E-05
55 108 9.7439980798713296E-05
55 113 5.2347094318933135E-05
55 118 2.1057721094960329E-05
56 56 2.2689977237223261E-06
56 59 1.2991552101734386E-04
56 62 1.7710956424803916E-04
56 70 6.3133058743991089E-12
56 75 4.2644747128486404E-09
56 79 -4.0469921309426081E-08
56 81 -3.5079239883883161E-08
56 86 -4.3368459549889139E-05
56 88 -4.0507398131115380E-05
56 97 8.7098140582839381E-05
56 100 4.3369872167014612E-05
56 103 1.9855391380668304E-05
56 106 9.7439980798713296E-05
56 111 5.2347094318933135E-05
56 116 2.1057721094960329E-05
57 57 1.5978401140514820E-07
57 60 1.2639666000609497E-05
57 63 1.9626938946790712E-05
57 71 1.6895212700747636E-10
57 76 8.1660428229776820E-08
57 82 -4.5699755342971658E-09
57 89 -8.4646365771086619E-06
57 93 -2.1008894460806893E-06
57 94 -7.4484873948650262E-07
57 95 -2.2391065029596382E-07
57 98 9.4652089037006176E-06
57 101 4.9032497479528782E-06
57 104 2.2901336325652449E-06
57 107 1.6839879902712723E-05
57 112 8.0944180858522348E-06
57 117 3.0832714837424360E-06
58 58 2.9613719667395257E-02
58 61 1.1662836988448835E-01
58 72 2.8110784148112049E-08
58 77 8.6954140753072346E-05
58 83 -1.0608791432998733E-06
58 85 1.1866649530761009E-06
58 90 -3.8179737646755873E-03
58 92 3.6783859061116269E-03
58 96 8.3186942333830727E-02
58 99 4.7601439455931482E-02
58 102 2.3456094456710333E-02
58 108 4.4912316781915609E-02
58 113 3.8290250241269051E-02
58 118 2.0235200715005858E-02
59 59 2.9613719667395257E-02
59 62 1.1662836988448835E-01
59 70 2.8110784148112049E-08
59 75 8.6954140753072346E-05
59 79 -1.1866649530761009E-06
59 81 -1.0608791432998733E-06
59 86 -3.6783859061116269E-03
59 88 -3.8179737646755873E-03
59 97 8.3186942333830727E-02
59 100 4.7601439455931482E-02
59 103 2.3456094456710333E-02
59 106 4.4912316781915609E-02
59 111 3.8290250241269051E-02
59 116 2.0235200715005858E-02
60 60 5.0553592423125187E-03
60 63 2.7813338205277972E-02
60 71 5.0317525958142569E-07
60 76 8.9028034714909671E-04
60 82 -1.7353319246154267E-07
60 89 -1.1722022161196508E-03
60 93 -1.6291423491017220E-03
60 94 6.0363871089713736E-04
60 95 1.2241094866884765E-03
60 98 2.0780738388636689E-02
60 101 1.2910721925796943E-02
60 104 6.6474374940672567E-03
60 107 2.0291153175614383E-02
60 112 1.7003939756378594E-02
60 117 9.2745809617093104E-03
61 61 2.0747348458563879E+00
61 72 1.5798613928539761E-07
61 77 1.5927268439240964E-03
61 83 -1.0482245597425197E-06
61 85 1.1570773725001681E-06
61 90 -7.0620972075068119E-03
61 92 6.3996260262147260E-03
61 96 3.4492705308786604E+00
61 99 2.9343364824756457E+00
61 102 1.8259044547621444E+00
61 108 3.6714705113274776E-01
61 113 8.1172285241424524E-01
61 118 8.7083394235741063E-01
62 62 2.0747348458563879E+00
62 70 1.5798613928539761E-07
62 75 1.5927268439240964E-03
62 79 -1.1570773725001681E-06
62 81 -1.0482245597425197E-06
62 86 -6.3996260262147260E-03
62 88 -7.0620972075068119E-03
62 97 3.4492705308786604E+00
62 100 2.9343364824756457E+00
62 103 1.8259044547621444E+00
62 106 3.6714705113274776E-01
62 111 8.1172285241424524E-01
62 116 8.7083394235741063E-01
63 63 8.3997982579914021E-01
63 71 2.3960746412219261E-06
63 76 1.1866937303954632E-02
63 82 -1.8609542241523074E-07
63 89 -2.4978456296857864E-03
63 93 -5.3459571167937758E-02
63 94 9.7900701519754843E-02
63 95 1.8445242221896835E-01
63 98 1.5491407222061953E+00
63 101 1.4863201168873197E+00
63 104 9.8799042555554617E-01
63 107 3.9663823112832453E-01
63 112 8.0193738919627544E-01
63 117 8.5908233413286705E-01
64 69 6.6692118225834842E-12
64 74 5.6635407527519594E-11
64 105 3.3209189917446171E-11
64 110 1.5087522764576615E-11
64 115 5.5507657641246661E-12
65 70 3.4002018497903483E-12
65 75 2.8957198736488867E-11
65 97 -6.2898386129199321E-13
65 100 -1.5057183082936685E-13
65 103 -3.3780918573546182E-14
65 106 1.4066215528698733E-11
65 111 7.0478441279934248E-12
65 116 2.7169418738168876E-12
66 71 2.7394527382437012E-11
66 76 2.0179966887675055E-10
66 93 -1.1375132609695487E-10
66 94 -7.8869904657304525E-11
66 95 -5.0647394224605084E-11
66 98 -3.3591615790485581E-11
66 101 -1.6071012134666430E-11
66 104 -7.2084997833542432E-12
66 107 8.4967232417795289E-11
66 112 3.7698946469473086E-11
66 117 1.3702178107911565E-11
67 72 3.4002018497903483E-12
67 77 2.8957198736488867E-11
67 96 -6.2898386129199321E-13
67 99 -1.5057183082936685E-13
67 102 -3.3780918573546182E-14
67 108 1.4066215528698733E-11
67 113 7.0478441279934248E-12
67 118 2.7169418738168876E-12
68 68 -1.9274961433618508E-15
68 73 8.1921186270578455E-11
68 78 6.0283909649902607E-10
68 109 3.3636764188787176E-10
68 114 1.5056535234222740E-10
68 119 5.4979420236380232E-11
69 69 1.4987705846825417E-05
69 74 4.4055905038447007E-04
69 87 2.2061469699500175E-10
69 105 4.6453370731069747E-04
69 110 2.5525079681262131E-04
69 115 1.0396072984211716E-04
70 70 7.7911329475458120E-06
70 75 2.3228959133910916E-04
70 81 1.7816911536869609E-15
70 88 5.5478574503992134E-09
70 97 -1.1885513783945953E-05
70 100 -3.0015331450060400E-06
70 103 -6.8056833349161909E-07
70 106 2.0745884359139129E-04
70 111 1.2452427601353171E-04
70 116 5.3069193462124097E-05
71 71 3.0067866009661550E-05
71 76 6.4911972926697252E-04
71 82 3.3952974874069051E-14
71 89 4.9853905852848322E-08
71 93 -5.5741963312344231E-04
71 94 -4.1068838251486671E-04
71 95 -2.7206140734162125E-04
71 98 -1.6431106673532890E-04
71 101 -8.3173092674383261E-05
71 104 -3.8390053991943000E-05
71 107 5.0600828003656518E-04
71 112 2.6594956000307746E-04
71 117 1.0593305715312561E-04
72 72 7.7911329475458120E-06
72 77 2.3228959133910916E-04
72 83 1.7816911536869609E-15
72 90 5.5478574503992134E-09
72 96 -1.1885513783945953E-05
72 99 -3.0015331450060400E-06
72 102 -6.8056833349161909E-07
72 108 2.0745884359139129E-04
72 113 1.2452427601353171E-04
72 118 5.3069193462124097E-05
73 73 8.9008879706943750E-05
73 78 1.8963739029382904E-03
73 91 2.2061469699500175E-10
73 109 1.7613252913129948E-03
73 114 9.2991036471349133E-04
73 119 3.7102542431660668E-04
74 74 5.4526824794618900E-02
74 80 2.0540102152628777E-14
74 87 3.7218404458477185E-07
74 105 1.6343438449166445E-01
74 110 1.3733532876097257E-01
74 115 7.1860678485052037E-02
75 75 2.9968464369536173E-02
75 81 7.1075784539114649E-13
75 88 6.2504034898444340E-06
75 97 -6.9243537074695615E-03
75 100 -1.5190794715785898E-03
75 103 -9.0627457596479695E-05
75 106 8.0226289432125036E-02
75 111 7.3529415237492388E-02
75 116 4.0644134483869623E-02
76 76 5.3877240474108218E-02
76 82 8.9185050862093076E-12
76 89 3.6962790553378677E-05
76 93 -1.1017116778135368E-01
76 94 -9.3339687317970294E-02
76 95 -6.6531137802191276E-02
76 98 -2.5093802580813156E-02
76 101 -1.3181439903763241E-02
76 104 -6.1277835297550605E-03
76 107 1.2543364464381973E-01
76 112 1.0620785132429052E-01
76 117 5.6749730714720552E-02
77 77 2.9968464369536173E-02
77 83 7.1075784539114649E-13
77 90 6.2504034898444340E-06
77 96 -6.9243537074695615E-03
77 99 -1.5190794715785898E-03
77 102 -9.0627457596479695E-05
77 108 8.0226289432125036E-02
77 113 7.3529415237492388E-02
77 118 4.0644134483869623E-02
78 78 1.4586823598387461E-01
78 84 2.0540102152628774E-14
78 91 3.7218404458662288E-07
78 109 3.5383845207818876E-01
78 114 2.7697228458509099E-01
78 119 1.3958385213088112E-01
79 79 1.6446743942896339E-09
79 81 9.8505254852141549E-10
79 86 1.0113618144692598E-06
79 88 5.4196534211311163E-07
79 97 -5.1833135299443224E-07
79 100 -2.4995149683291430E-07
79 103 -1.1256840801297200E-07
79 106 -6.9819622221805307E-07
79 111 -3.3282298961132112E-07
79 116 -1.2556566581927629E-07
80 80 3.0124765508915931E-11
80 87 3.5226003984171391E-08
80 105 -1.6319568724842702E-08
80 110 -3.9929954481407974E-09
80 115 -7.6335931739576330E-10
81 81 8.4990757141609303E-10
81 86 5.4196534211311174E-07
81 88 4.9663448154441896E-07
81 97 -4.7112157796185584E-07
81 100 -2.2747770808862960E-07
81 103 -1.0251088950989718E-07
81 106 -6.4119184137501181E-07
81 111 -3.0460180709270321E-07
81 116 -1.1468169827711065E-07
82 82 2.1517694982506540E-10
82 89 1.7714881864271465E-07
82 93 1.8980716443456660E-08
82 94 6.7502784374101054E-09
82 95 2.1969715850802862E-09
82 98 -8.0789914379382910E-08
82 101 -4.0367285549890224E-08
82 104 -1.8503673027351484E-08
82 107 -1.6703455515038905E-07
82 112 -7.1838558320829661E-08
82 117 -2.5665828260372724E-08
83 83 8.4990757141609303E-10
83 85 -9.8505254852141549E-10
83 90 4.9663448154441896E-07
83 92 -5.4196534211311174E-07
83 96 -4.7112157796185584E-07
83 99 -2.2747770808862960E-07
83 102 -1.0251088950989718E-07
83 108 -6.4119184137501181E-07
83 113 -3.0460180709270321E-07
83 118 -1.1468169827711065E-07
84 84 3.5821984067181137E-10
84 91 2.9457701218026306E-07
84 109 -1.1033400993960971E-07
84 114 -2.6400856158367119E-08
84 119 -4.9903178471400676E-09
85 85 1.6446743942896339E-09
85 90 -5.4196534211311163E-07
85 92 1.0113618144692598E-06
85 96 5.1833135299443224E-07
85 99 2.4995149683291430E-07
85 102 1.1256840801297200E-07
85 108 6.9819622221805307E-07
85 113 3.3282298961132112E-07
85 118 1.2556566581927629E-07
86 86 2.2236125062880898E-03
86 88 9.0127517822820324E-04
86 97 -3.3917419420047539E-03
86 100 -1.7342010962840869E-03
86 103 -8.0490026808553131E-04
86 106 -3.2689977633923823E-03
86 111 -1.9299485802504559E-03
86 116 -8.1810057103784526E-04
87 87 1.9948126182864714E-04
87 105 -5.5958205219752005E-04
87 110 -1.7616697867047803E-04
87 115 -3.8335952030190594E-05
88 88 9.9401477587900979E-04
88 97 -3.8092591760328777E-03
88 100 -1.9611377831717622E-03
88 103 -9.1327294923021821E-04
88 106 -3.9177497885250056E-03
88 111 -2.2552471003437716E-03
88 116 -9.4001725844616673E-04
89 89 5.8425977491913120E-04
89 93 3.4956776464840651E-04
89 94 1.5659564160567466E-04
89 95 6.7994998226618647E-05
89 98 -1.3196197107030983E-03
89 101 -7.0160067835725137E-04
89 104 -3.3196180403970171E-04
89 107 -2.1299313907970265E-03
89 112 -1.0617855135367843E-03
89 117 -4.0396646628024571E-04
90 90 9.9401477587900979E-04
90 92 -9.0127517822820302E-04
90 96 -3.8092591760328777E-03
90 99 -1.9611377831717622E-03
90 102 -9.1327294923021821E-04
90 108 -3.9177497885250056E-03
90 113 -2.2552471003437716E-03
90 118 -9.4001725844616673E-04
91 91 9.6517042468699488E-04
91 109 -1.8167401612234158E-03
91 114 -5.4726703490714048E-04
91 119 -1.1699016360508949E-04
92 92 2.2236125062880898E-03
92 96 3.3917419420047539E-03
92 99 1.7342010962840869E-03
92 102 8.0490026808553131E-04
92 108 3.2689977633923823E-03
92 113 1.9299485802504559E-03
92 118 8.1810057103784526E-04
93 93 3.0981929956381387E+00
93 94 5.0990285338666679E+00
93 95 5.6483463315971987E+00
93 107 -1.1691864000943317E+00
93 112 -2.2777046425514662E+00
93 117 -2.4438922445333149E+00
94 94 1.1841933929539016E+01
94 95 1.7742817890753177E+01
94 107 -1.3090274079946829E+00
94 112 -3.4273173106284385E+00
94 117 -5.2342339475090327E+00
95 95 3.6961334439955472E+01
95 107 -1.0988492654603643E+00
95 112 -3.5115109736222303E+00
95 117 -7.1457099805409925E+00
96 96 1.3034882594864683E+01
96 99 1.8280115911309188E+01
96 102 1.6230590707437830E+01
97 97 1.3034882594864683E+01
97 100 1.8280115911309188E+01
97 103 1.6230590707437830E+01
98 98 7.3936984728993780E+00
98 101 1.1608091084505855E+01
98 104 1.0943359654815533E+01
99 99 3.9942267034224102E+01
99 102 5.2556275462851140E+01
100 100 3.9942267034224102E+01
100 103 5.2556275462851140E+01
101 101 2.8669384474032071E+01
101 104 4.0281702364951890E+01
102 102 1.0685146550428396E+02
103 103 1.0685146550428396E+02
104 104 8.7805417348374874E+01
105 105 1.8145757213772626E+00
105 110 2.9774572855117150E+00
105 115 2.5040838135127541E+00
106 106 1.0718364976130212E+00
106 111 1.8401296604693353E+00
106 116 1.5997924488386772E+00
107 107 1.3180273310500144E+00
107 112 2.2048193045422599E+00
107 117 1.8998013885302814E+00
108 108 1.0718364976130212E+00
108 113 1.8401296604693353E+00
108 118 1.5997924488386772E+00
109 109 3.0030344405013016E+00
109 114 4.4833242635014550E+00
109 119 3.5821219604655847E+00
110 110 8.6204996981089010E+00
110 115 1.2020398931105332E+01
111 111 5.7516028823101069E+00
111 116 8.4892689868651363E+00
112 112 6.7738088997540293E+00
112 117 9.8881375259275721E+00
113 113 5.7516028823101069E+00
113 118 8.4892689868651363E+00
114 114 1.1676822406122739E+01
114 119 1.5355251888730562E+01
115 115 2.9380941067143201E+01
116 116 2.2359940680938042E+01
117 117 2.5541108704655748E+01
118 118 2.2359940680938042E+01
119 119 3.5209541183002095E+01
