1 1 5.9321239313759671E-08
1 2 1.0405063880114610E-05
1 3 9.9287423028208235E-11
1 4 2.6257374252131360E-05
1 5 1.2425887798548472E-04
1 8 -3.8734553197489148E-07
1 11 -1.0070421678306374E-09
1 14 -1.1478250552116672E-06
1 17 -7.5956255856025044E-06
1 20 -5.3400215454791002E-11
1 25 -3.8304265308764827E-06
1 30 -8.7869882834427628E-05
1 36 -1.7185795033082316E-12
1 43 -2.0991746907835472E-07
1 47 4.0683021153618145E-08
1 48 7.0735742951198602E-06
1 49 6.2366702121821561E-11
1 50 1.7895413781153425E-05
1 51 1.0140113046384699E-04
1 54 -5.6997447493056885E-06
1 57 -9.5819184719043303E-08
1 60 -1.6770305540161013E-05
1 63 -8.2354059721862985E-05
1 66 -3.4350411172841968E-11
1 71 -2.2161040810013041E-06
1 76 -5.3077322885172911E-05
1 82 3.7169970411093467E-09
1 89 7.1996705282171061E-06
1 93 1.4002854085626897E-04
1 94 1.2107990598572780E-04
1 95 8.7496272634494899E-05
1 98 -4.4812861769377684E-05
1 101 -2.8303453110504707E-05
1 104 -1.4706492955426488E-05
1 107 -1.1311972372244388E-04
1 112 -8.0227957259368442E-05
1 117 -3.7629579678682729E-05
2 2 1.8451279157743910E-03
2 3 2.5299731730508767E-08
2 4 4.6416575512222705E-03
2 5 2.1010126447344183E-02
2 8 -6.3352899136264940E-05
2 11 -1.6683151757079442E-07
2 14 -1.8773116646298455E-04
2 17 -1.2377680634995589E-03
2 20 -1.4486683067014569E-08
2 25 -7.4582179837002344E-04
2 30 -1.5174977065444819E-02
2 36 -2.8858003472044330E-10
2 43 -3.4534468863442034E-05
2 47 7.0735742951458455E-06
2 48 1.2346074765789039E-03
2 49 1.2034574589231343E-08
2 50 3.1199762220009298E-03
2 51 1.7131647538347450E-02
2 54 -1.0270489901084779E-03
2 57 -2.0239890735503860E-05
2 60 -3.0174777329753854E-03
2 63 -1.3948498216257564E-02
2 66 -6.6083756468823357E-09
2 71 -3.9305905010144975E-04
2 76 -8.9133004875727694E-03
2 82 8.7101910960547140E-07
2 89 1.3657069199504200E-03
2 93 2.3465354193735931E-02
2 94 2.0203584379985304E-02
2 95 1.4569655293083612E-02
2 98 -7.4927124386613680E-03
2 101 -4.7092138224465374E-03
2 104 -2.4413551968913150E-03
2 107 -1.8988849219095542E-02
2 112 -1.3352238776126738E-02
2 117 -6.2393774344254756E-03
3 3 6.0532762750860984E-12
3 4 5.8106935899664188E-08
3 5 8.6633902795682536E-08
3 8 -2.0055758711107845E-13
3 11 -3.6195029086524268E-15
3 14 -5.8973205052410396E-13
3 17 -1.0726738297835725E-12
3 20 -4.5133410452938912E-12
3 25 -3.1964837751504452E-08
3 30 -1.0917489089062187E-07
3 43 -3.2167449049504071E-13
3 47 6.2366701757178426E-11
3 48 1.2034574693903158E-08
3 49 3.7519530538878666E-13
3 50 2.9575439040854473E-08
3 51 6.8339551149325358E-08
3 54 -1.6704598117085908E-08
3 57 -1.3188775472928818E-09
3 60 -4.7614397653642709E-08
3 63 -6.0676448671001611E-08
3 66 -1.6044447461437955E-13
3 71 -3.5040637252237602E-09
3 76 -1.5325971538100922E-08
3 82 8.0884601817325527E-11
3 89 3.6266389822514867E-08
3 93 6.7531060272326681E-08
3 94 4.7412136418846773E-08
3 95 3.0642329655867947E-08
3 98 -2.0064947677338417E-08
3 101 -9.8127512909017793E-09
3 104 -4.4507129285074198E-09
3 107 -5.2439279587269003E-08
3 112 -2.3771011967693292E-08
3 117 -8.7394807969562094E-09
4 4 1.1687139013238009E-02
4 5 5.3588210277987096E-02
4 8 -1.6319572778395418E-04
4 11 -4.2810680340774899E-07
4 14 -4.8359394991273321E-04
4 17 -3.1919923747595470E-03
4 20 -3.2828250612097971E-08
4 25 -1.8284414779618117E-03
4 30 -3.8466450449449206E-02
4 36 -7.3755490826252641E-10
4 43 -8.8804007511194722E-05
4 47 1.7895413781205003E-05
4 48 3.1199762220008621E-03
4 49 2.9575438771534842E-08
4 50 7.8870070168853574E-03
4 51 4.3706032078047054E-02
4 54 -2.5719828635213551E-03
4 57 -4.8585347401905498E-05
4 60 -7.5596117486234340E-03
4 63 -3.5559022607646824E-02
4 66 -1.6253774576773419E-08
4 71 -9.8874553785650290E-04
4 76 -2.2780229513672749E-02
4 82 2.0391241724349456E-06
4 89 3.3718201322246277E-03
4 93 6.0009160618695025E-02
4 94 5.1733200525050434E-02
4 95 3.7329912566780289E-02
4 98 -1.9174252316169149E-02
4 101 -1.2068700115651615E-02
4 104 -6.2609086408156305E-03
4 107 -4.8536367513340173E-02
4 112 -3.4216133450718333E-02
4 117 -1.6006638952839498E-02
5 5 6.5561821264943632E-01
5 8 -2.0618499773405619E-03
5 11 -2.2073322008504092E-06
5 14 -6.1145653759774416E-03
5 17 -1.2740542632881596E-01
5 20 -4.6336336091072612E-08
5 25 -4.4103155204669791E-03
5 30 -2.3051423811880450E-01
5 36 -2.8157013578114525E-09
5 43 -6.2365342353682611E-04
5 47 1.0140113046378791E-04
5 48 1.7131647538347436E-02
5 49 6.8339550902533746E-08
5 50 4.3706032078047054E-02
5 51 5.5861763396581332E-01
5 54 -6.6501803403696946E-03
5 57 -5.5247274614354627E-05
5 60 -1.9650405703894452E-02
5 63 -3.4839601788586005E-01
5 66 -3.6430796260426346E-08
5 71 -3.5260869525914852E-03
5 76 -1.9719575364069053E-01
5 82 1.7873139686044341E-06
5 89 5.7507589185501395E-03
5 93 1.1945306623069250E+00
5 94 1.4500329237488219E+00
5 95 1.2896252008118745E+00
5 98 -4.1687722128839472E-01
5 101 -4.0302997916586447E-01
5 104 -2.6927049761149258E-01
5 107 -6.3710407258327795E-01
5 112 -7.9492946542233756E-01
5 117 -5.5419694313597967E-01
6 6 9.0809325545895860E-03
6 9 3.2338079702619223E-04
6 12 2.6466229986473789E-02
6 15 8.1856784716014652E-02
6 26 -6.6554945072497914E-07
6 31 -2.7616074331674243E-04
6 37 -8.6470672261799980E-06
6 39 9.3551805999905469E-06
6 44 -6.4927615765746627E-03
6 46 5.8468626337171122E-03
6 52 6.2149204358109000E-03
6 55 1.7849925493882861E-04
6 58 1.8176619774435659E-02
6 61 6.9175941607444585E-02
6 67 -1.9949376710437318E-09
6 72 -3.7071027904045985E-04
6 77 -2.0758641364529307E-02
6 83 -4.0769400191636640E-06
6 85 4.6056882830429646E-06
6 90 -3.1802201364457775E-03
6 92 3.4853813023574343E-03
6 96 6.4548486912526487E-02
6 99 3.8918606110322877E-02
6 102 1.9734310871218831E-02
6 108 -2.7829291925281108E-02
6 113 -2.5950663248632641E-02
6 118 -1.4571484563984050E-02
7 7 9.0809325545895860E-03
7 10 3.2338079702619223E-04
7 13 2.6466229986473789E-02
7 16 8.1856784716014652E-02
7 24 -6.6554945072497914E-07
7 29 -2.7616074331674243E-04
7 33 -9.3551805999905469E-06
7 35 -8.6470672261799980E-06
7 40 -5.8468626337171122E-03
7 42 -6.4927615765746627E-03
7 53 6.2149204358109000E-03
7 56 1.7849925493882861E-04
7 59 1.8176619774435659E-02
7 62 6.9175941607444585E-02
7 65 -1.9949376710437318E-09
7 70 -3.7071027904045985E-04
7 75 -2.0758641364529307E-02
7 79 -4.6056882830429646E-06
7 81 -4.0769400191636640E-06
7 86 -3.4853813023574343E-03
7 88 -3.1802201364457775E-03
7 97 6.4548486912526487E-02
7 100 3.8918606110322877E-02
7 103 1.9734310871218831E-02
7 106 -2.7829291925281108E-02
7 111 -2.5950663248632641E-02
7 116 -1.4571484563984050E-02
8 8 1.8367338776182250E-03
8 11 3.7088034547430009E-05
8 14 5.3950189888942708E-03
8 17 2.3230920419052614E-02
8 20 -2.9686407043429577E-14
8 25 -9.1207801372482614E-06
8 30 -2.2584060858841571E-03
8 36 -1.7144773309915520E-06
8 43 -2.2981113347454001E-03
8 47 5.6997447493352855E-06
8 48 1.0270489901083922E-03
8 49 1.6704598057956797E-08
8 50 2.5719828635212103E-03
8 51 6.6501803403696226E-03
8 54 2.8496583936145396E-04
8 57 -3.2880588472384722E-06
8 60 8.5040142450293669E-04
8 63 1.2334470997106963E-02
8 66 -9.5512371103179533E-09
8 71 -5.1209453557790965E-04
8 76 -1.1376297244382419E-02
8 82 3.0587426765383383E-07
8 89 1.0903176985211513E-04
8 93 6.0285385401018709E-04
8 94 -1.2069841253444468E-03
8 95 -1.5999386410437476E-03
8 98 1.8735586435798202E-02
8 101 1.2401744279238331E-02
8 104 6.6107236587274951E-03
8 107 -1.5278987438332444E-02
8 112 -1.4439052473159875E-02
8 117 -8.4831389882952316E-03
9 9 3.8584453529882332E-05
9 12 9.0245047505570165E-04
9 15 1.0140312708702157E-03
9 26 -3.0216047056757451E-09
9 31 -2.8222745435833087E-07
9 37 -1.8004526113380493E-06
9 39 2.0148750435024910E-06
9 44 -4.4512640249502365E-04
9 46 4.5303835308670658E-04
9 52 1.7849925493882855E-04
9 55 1.1695295251161087E-05
9 58 5.1233657732104596E-04
9 61 8.3508815335276701E-04
9 67 -4.9288921630285068E-10
9 72 -4.2948243309015448E-05
9 77 -7.7215982915007945E-04
9 83 -2.8515561773352453E-07
9 85 4.1363136931117340E-07
9 90 -5.5913408314302960E-05
9 92 1.7598538719067880E-04
9 96 5.9209681792479329E-04
9 99 3.0161605593204832E-04
9 102 1.3971214959608604E-04
9 108 -5.5861569768827861E-04
9 113 -3.1221500244456134E-04
9 118 -1.2844703970802646E-04
10 10 3.8584453529882332E-05
10 13 9.0245047505570165E-04
10 16 1.0140312708702157E-03
10 24 -3.0216047056757451E-09
10 29 -2.8222745435833087E-07
10 33 -2.0148750435024910E-06
10 35 -1.8004526113380493E-06
10 40 -4.5303835308670658E-04
10 42 -4.4512640249502365E-04
10 53 1.7849925493882855E-04
10 56 1.1695295251161087E-05
10 59 5.1233657732104596E-04
10 62 8.3508815335276701E-04
10 65 -4.9288921630285068E-10
10 70 -4.2948243309015448E-05
10 75 -7.7215982915007945E-04
10 79 -4.1363136931117340E-07
10 81 -2.8515561773352453E-07
10 86 -1.7598538719067880E-04
10 88 -5.5913408314302960E-05
10 97 5.9209681792479329E-04
10 100 3.0161605593204832E-04
10 103 1.3971214959608604E-04
10 106 -5.5861569768827861E-04
10 111 -3.1221500244456134E-04
10 116 -1.2844703970802646E-04
11 11 3.2986126951578929E-06
11 14 1.0516699339314181E-04
11 17 1.3552925445242179E-04
11 25 -6.1203010425409426E-08
11 30 -4.1767030979686108E-06
11 36 -2.9360327975768354E-07
11 43 -1.1481811608881866E-04
11 47 9.5819184779289712E-08
11 48 2.0239890735480475E-05
11 49 1.3188775806629750E-09
11 50 4.8585347401905498E-05
11 51 5.5247274614354627E-05
11 54 -3.2880588472560532E-06
11 57 -1.3851000855089962E-06
11 60 -7.7074781147452614E-06
11 63 6.8217826190351201E-05
11 66 -7.8384727856338675E-10
11 71 -1.8637310790545254E-05
11 76 -1.5845430016809295E-04
11 82 1.3023735082127674E-07
11 89 4.5142062966027516E-05
11 93 1.3908245479570571E-05
11 94 4.2445889577638539E-06
11 95 7.2716121376823200E-07
11 98 7.7611155283136040E-05
11 101 4.1388816097792315E-05
11 104 1.9628854474804398E-05
11 107 -1.1791394347986125E-04
11 112 -6.0134611623581036E-05
11 117 -2.3828481718066962E-05
12 12 7.7194616448692369E-02
12 15 2.4138198933767507E-01
12 21 -2.8932051147297114E-15
12 26 -1.9703197220615520E-06
12 31 -8.1899452483487518E-04
12 37 -2.2994081347486490E-05
12 39 2.4777998586653319E-05
12 44 -1.8606647678394119E-02
12 46 1.6678461427393626E-02
12 52 1.8176619774435698E-02
12 55 5.1233657732104596E-04
12 58 5.3175068160806201E-02
12 61 2.0402062539191751E-01
12 67 -5.1902518018632927E-09
12 72 -1.0364301451304342E-03
12 77 -6.0452024149839162E-02
12 83 -1.1675144927867253E-05
12 85 1.3053991718775831E-05
12 90 -9.3535085734084249E-03
12 92 1.0081369496654790E-02
12 96 1.9064965357987365E-01
12 99 1.1503145130167504E-01
12 102 5.8348128562451286E-02
12 108 -8.1747600202533452E-02
12 113 -7.6537866722134404E-02
12 118 -4.3045880396740746E-02
13 13 7.7194616448692369E-02
13 16 2.4138198933767507E-01
13 19 -2.8932051147297114E-15
13 24 -1.9703197220615520E-06
13 29 -8.1899452483487518E-04
13 33 -2.4777998586653319E-05
13 35 -2.2994081347486490E-05
13 40 -1.6678461427393626E-02
13 42 -1.8606647678394119E-02
13 53 1.8176619774435698E-02
13 56 5.1233657732104596E-04
13 59 5.3175068160806201E-02
13 62 2.0402062539191751E-01
13 65 -5.1902518018632927E-09
13 70 -1.0364301451304342E-03
13 75 -6.0452024149839162E-02
13 79 -1.3053991718775831E-05
13 81 -1.1675144927867253E-05
13 86 -1.0081369496654790E-02
13 88 -9.3535085734084249E-03
13 97 1.9064965357987365E-01
13 100 1.1503145130167504E-01
13 103 5.8348128562451286E-02
13 106 -8.1747600202533452E-02
13 111 -7.6537866722134404E-02
13 116 -4.3045880396740746E-02
14 14 1.5852310349734368E-02
14 17 6.8729301205790044E-02
14 20 -8.7724077207186714E-14
14 25 -2.6972251419234416E-05
14 30 -6.6948651080159360E-03
14 36 -4.6528474042474896E-06
14 43 -6.6490274496347401E-03
14 47 1.6770305540160291E-05
14 48 3.0174777329753490E-03
14 49 4.7614397428956347E-08
14 50 7.5596117486234340E-03
14 51 1.9650405703894452E-02
14 54 8.5040142450281504E-04
14 57 -7.7074781147452614E-06
14 60 2.5346736854962425E-03
14 63 3.6497397350699498E-02
14 66 -2.7180623982959695E-08
14 71 -1.4918979689094447E-03
14 76 -3.3520878378803680E-02
14 82 7.1494186205575420E-07
14 89 2.5674474539724474E-04
14 93 1.7681897698759923E-03
14 94 -3.5875881424206209E-03
14 95 -4.7483428343869415E-03
14 98 5.5476610878104904E-02
14 101 3.6736690232384954E-02
14 104 1.9586014499735446E-02
14 107 -4.5160731386425110E-02
14 112 -4.2753974403114937E-02
14 117 -2.5135550962355039E-02
15 15 3.2461371690798781E+00
15 21 -4.8146538138077247E-15
15 26 -7.1750604597248204E-06
15 31 -1.0353019778495556E-02
15 37 -1.8762431036145278E-05
15 39 1.9879513026264636E-05
15 44 -3.0362450961050880E-02
15 46 2.5253498755490340E-02
15 52 6.9175941607444474E-02
15 55 8.3508815335258464E-04
15 58 2.0402062539191751E-01
15 61 2.8883767183429332E+00
15 67 -1.7816255515020206E-09
15 72 -6.4934946753071512E-04
15 77 -1.1850452576789169E-01
15 83 -1.5274507216592908E-05
15 85 1.6241456804450992E-05
15 90 -2.4771129914015304E-02
15 92 2.0965227249716313E-02
15 96 4.9744163283476421E+00
15 99 4.7297043986115046E+00
15 102 3.1628928743569431E+00
15 108 -4.0839998920272064E-01
15 113 -1.0230757090113931E+00
15 118 -1.2288388195409730E+00
16 16 3.2461371690798781E+00
16 19 -4.8146538138077247E-15
16 24 -7.1750604597248204E-06
16 29 -1.0353019778495556E-02
16 33 -1.9879513026264636E-05
16 35 -1.8762431036145278E-05
16 40 -2.5253498755490340E-02
16 42 -3.0362450961050880E-02
16 53 6.9175941607444474E-02
16 56 8.3508815335258464E-04
16 59 2.0402062539191751E-01
16 62 2.8883767183429332E+00
16 65 -1.7816255515020206E-09
16 70 -6.4934946753071512E-04
16 75 -1.1850452576789169E-01
16 79 -1.6241456804450992E-05
16 81 -1.5274507216592908E-05
16 86 -2.0965227249716313E-02
16 88 -2.4771129914015304E-02
16 97 4.9744163283476421E+00
16 100 4.7297043986115046E+00
16 103 3.1628928743569431E+00
16 106 -4.0839998920272064E-01
16 111 -1.0230757090113931E+00
16 116 -1.2288388195409730E+00
17 17 1.4881849089626193E+00
17 20 -1.5101637880096875E-13
17 25 -8.2949439196937602E-05
17 30 -6.1665712185889600E-02
17 36 -4.1148607484248604E-06
17 43 -1.2069051072391559E-02
17 47 8.2354059721877987E-05
17 48 1.3948498216257448E-02
17 49 6.0676448750095735E-08
17 50 3.5559022607646824E-02
17 51 3.4839601788586017E-01
17 54 1.2334470997107064E-02
17 57 6.8217826190081370E-05
17 60 3.6497397350700365E-02
17 63 9.5915301392955599E-01
17 66 -3.2624729492252779E-08
17 71 -3.1316861511698504E-03
17 76 -1.7202051753714906E-01
17 82 -1.9978289172851260E-06
17 89 -6.3044141368083619E-03
17 93 7.2130313634038337E-02
17 94 -1.5172248532031421E-01
17 95 -3.0010574102986110E-01
17 98 2.4179379317764096E+00
17 101 2.5992194170841043E+00
17 104 1.8595170878682323E+00
17 107 -4.9690903658623042E-01
17 112 -1.1120830617187942E+00
17 117 -1.3100919995870457E+00
18 18 7.7127535444097041E-13
18 23 6.5006261606309291E-09
18 28 2.2682791048840070E-08
18 64 2.1993012749110293E-14
18 69 1.3500964538577202E-09
18 74 1.2508650866283778E-08
18 80 -1.0466893448354969E-11
18 87 -6.7986373020999713E-09
18 105 1.3728843093721671E-08
18 110 6.3106261749787263E-09
18 115 2.3365270010694228E-09
19 19 3.9278770973194209E-13
19 24 3.3357369737340184E-09
19 29 1.1683387568068031E-08
19 42 -3.7332274574250142E-15
19 53 1.9949376710116178E-09
19 56 4.9288921630285068E-10
19 59 5.1902518018632927E-09
19 62 1.7816254993802533E-09
19 65 -6.8486369938875476E-14
19 70 -1.4849565215442968E-09
19 75 -1.2265510251534420E-09
19 79 -2.9586716185333644E-11
19 81 -1.2685402051988003E-11
19 86 -4.7061324345969169E-09
19 88 -2.8538672373181724E-09
19 97 2.9048324418632600E-10
19 100 7.0472036810041316E-11
19 103 1.5917440013397283E-11
19 106 5.9796272616619818E-09
19 111 2.9973037242859044E-09
19 116 1.1573975326725996E-09
20 20 3.5183969143605302E-12
20 25 1.9840824446789490E-08
20 30 6.0149470160539163E-08
20 43 -5.1249041242058660E-14
20 47 -3.4350411287970575E-11
20 48 -6.6083755216306242E-09
20 49 -1.6044447461437955E-13
20 50 -1.6253774351345559E-08
20 51 -3.6430796247119809E-08
20 54 9.5512371465212681E-09
20 57 7.8384727856338675E-10
20 60 2.7180624090541472E-08
20 63 3.2624729518093988E-08
20 66 5.2072880882175929E-14
20 71 1.4646105916701243E-09
20 76 6.1661862894277139E-09
20 82 -4.1771707762381285E-11
20 89 -2.0455611333099412E-08
20 93 -3.5597102029889308E-08
20 94 -2.4812042765059429E-08
20 95 -1.5976618918916877E-08
20 98 1.0617964611532628E-08
20 101 5.1451118998579475E-09
20 104 2.3227165071459320E-09
20 107 2.7460537379415040E-08
20 112 1.2271858635115002E-08
20 117 4.4781708547170102E-09
21 21 3.9278770973194209E-13
21 26 3.3357369737340184E-09
21 31 1.1683387568068031E-08
21 44 -3.7332274574250142E-15
21 52 1.9949376710116178E-09
21 55 4.9288921630285068E-10
21 58 5.1902518018632927E-09
21 61 1.7816254993802533E-09
21 67 -6.8486369938875476E-14
21 72 -1.4849565215442968E-09
21 77 -1.2265510251534420E-09
21 83 -1.2685402051988003E-11
21 85 2.9586716185333644E-11
21 90 -2.8538672373181724E-09
21 92 4.7061324345969169E-09
21 96 2.9048324418632600E-10
21 99 7.0472036810041316E-11
21 102 1.5917440013397283E-11
21 108 5.9796272616619818E-09
21 113 2.9973037242859044E-09
21 118 1.1573975326725996E-09
22 22 1.0518572996832140E-11
22 27 5.9180755986832443E-08
22 32 1.7907990274654308E-07
22 68 2.9993841847760189E-13
22 73 1.2291082093934611E-08
22 78 9.8755394642879994E-08
22 84 -1.2013686584724238E-10
22 91 -5.9179650081226680E-08
22 109 1.0444962936568461E-07
22 114 4.7106276964801854E-08
22 119 1.7273656751856837E-08
23 23 3.5181262015035843E-04
23 28 4.2930647590141476E-03
23 34 -4.3500747351201400E-13
23 41 -7.2126299662196706E-08
23 64 1.3500964538577202E-09
23 69 1.2830316950781186E-04
23 74 2.6263183946499250E-03
23 80 -3.3211478848799392E-07
23 87 -5.2982954350450377E-04
23 105 4.0351878846685381E-03
23 110 2.3612289717079792E-03
23 115 9.9668431891431083E-04
24 24 1.8489034630930003E-04
24 29 2.3012207610684523E-03
24 35 -1.4059253147560407E-11
24 42 -1.3416400152269695E-06
24 53 3.7071027904053607E-04
24 56 4.2948243309015448E-05
24 59 1.0364301451306645E-03
24 62 6.4934946753071512E-04
24 65 -1.4849565215442968E-09
24 70 -6.8572362836500381E-05
24 75 2.4764853564921084E-05
24 79 -1.8869218672812851E-06
24 81 -1.6086349426890271E-06
24 86 -5.3821835095481288E-04
24 88 -5.8164091358926589E-04
24 97 1.2013617196186471E-04
24 100 3.0227659067777127E-05
24 103 6.3604754021573430E-06
24 106 1.8725368225071600E-03
24 111 1.1860656490689000E-03
24 116 5.2242222168783934E-04
25 25 5.5258179033235914E-04
25 30 5.1286640197066562E-03
25 36 -1.6337074750694805E-10
25 43 -8.8219346021242387E-06
25 47 -2.2161040808497382E-06
25 48 -3.9305905010143843E-04
25 49 -3.5040638138724475E-09
25 50 -9.8874553785627066E-04
25 51 -3.5260869525919631E-03
25 54 5.1209453557798500E-04
25 57 1.8637310790545254E-05
25 60 1.4918979689096080E-03
25 63 3.1316861511701058E-03
25 66 1.4646104472681148E-09
25 71 1.1065156827040839E-04
25 76 1.5500311679150411E-03
25 82 -8.6385897861145334E-07
25 89 -9.2602869310720809E-04
25 93 -3.9531807785236611E-03
25 94 -2.9791274424555243E-03
25 95 -1.9967460996737881E-03
25 98 1.1342912870631195E-03
25 101 5.8853352076111503E-04
25 104 2.7496664851641377E-04
25 107 3.8548327226077530E-03
25 112 2.1796990604987915E-03
25 117 9.0733586706793665E-04
26 26 1.8489034630930003E-04
26 31 2.3012207610684523E-03
26 37 -1.4059253147560407E-11
26 44 -1.3416400152269695E-06
26 52 3.7071027904053607E-04
26 55 4.2948243309015448E-05
26 58 1.0364301451306645E-03
26 61 6.4934946753071512E-04
26 67 -1.4849565215442968E-09
26 72 -6.8572362836500381E-05
26 77 2.4764853564921084E-05
26 83 -1.6086349426890271E-06
26 85 1.8869218672812851E-06
26 90 -5.8164091358926589E-04
26 92 5.3821835095481288E-04
26 96 1.2013617196186471E-04
26 99 3.0227659067777127E-05
26 102 6.3604754021573430E-06
26 108 1.8725368225071600E-03
26 113 1.1860656490689000E-03
26 118 5.2242222168783934E-04
27 27 1.6196528936051478E-03
27 32 1.4596923233775648E-02
27 38 -4.3500747641334429E-13
27 45 -7.2126299662196666E-08
27 68 1.2291082093934611E-08
27 73 5.9067714700316264E-04
27 78 8.9303275672242919E-03
27 84 -2.3153865278566068E-06
27 91 -2.2284861225964256E-03
27 109 1.2569657838118585E-02
27 114 7.0185118465728655E-03
27 119 2.8914588180381198E-03
28 28 2.3668823743256595E-01
28 34 -2.5370314806727266E-11
28 41 -1.8402715087824056E-05
28 64 1.2508650796452369E-08
28 69 2.6263183946499250E-03
28 74 1.7081737609924652E-01
28 80 -1.5045974722518416E-06
28 87 -7.1509507189469260E-03
28 105 4.9026717622243787E-01
28 110 4.8795625045013441E-01
28 115 2.8557113077187418E-01
29 29 1.3556075287327532E-01
29 35 -6.6759519830885423E-10
29 42 -2.3197578050765169E-04
29 53 2.0758641364529287E-02
29 56 7.7215982915007945E-04
29 59 6.0452024149839162E-02
29 62 1.1850452576789225E-01
29 65 -1.2265506179796386E-09
29 70 2.4764853564729933E-05
29 75 3.3425303374799931E-02
29 79 -2.1182591534127804E-05
29 81 -2.0136607707026643E-05
29 86 -1.4103087401334454E-02
29 88 -1.8581846153900725E-02
29 97 2.5290492877638047E-02
29 100 4.3235599321742400E-03
29 103 -1.1156091832419698E-03
29 106 2.5436079282768259E-01
29 111 2.7617037207331230E-01
29 116 1.7139800908912642E-01
30 30 2.1175481354556344E-01
30 36 -6.2869214846624279E-09
30 43 -1.0188851724991241E-03
30 47 -5.3077322885140100E-05
30 48 -8.9133004875728214E-03
30 49 -1.5325971794819893E-08
30 50 -2.2780229513672749E-02
30 51 -1.9719575364069053E-01
30 54 1.1376297244382303E-02
30 57 1.5845430016809295E-04
30 60 3.3520878378803680E-02
30 63 1.7202051753714845E-01
30 66 6.1661855175639313E-09
30 71 1.5500311679148145E-03
30 76 9.3317637433562362E-02
30 82 -5.8709429368842523E-06
30 89 -1.3314284007540256E-02
30 93 -2.9624761504326735E-01
30 94 -2.6735393956312947E-01
30 95 -1.9723261062700856E-01
30 98 4.5827153941196672E-02
30 101 2.0331508402412171E-02
30 104 7.8244504215598046E-03
30 107 3.6610373579562733E-01
30 112 3.7804152260214091E-01
30 117 2.3014369366465393E-01
31 31 1.3556075287327532E-01
31 37 -6.6759519830885423E-10
31 44 -2.3197578050765169E-04
31 52 2.0758641364529287E-02
31 55 7.7215982915007945E-04
31 58 6.0452024149839162E-02
31 61 1.1850452576789225E-01
31 67 -1.2265506179796386E-09
31 72 2.4764853564729933E-05
31 77 3.3425303374799931E-02
31 83 -2.0136607707026643E-05
31 85 2.1182591534127804E-05
31 90 -1.8581846153900725E-02
31 92 1.4103087401334454E-02
31 96 2.5290492877638047E-02
31 99 4.3235599321742400E-03
31 102 -1.1156091832419698E-03
31 108 2.5436079282768259E-01
31 113 2.7617037207331230E-01
31 118 1.7139800908912642E-01
32 32 5.2063022455241958E-01
32 38 -2.5370314806727253E-11
32 45 -1.8402715087815789E-05
32 68 9.8755394573048573E-08
32 73 8.9303275672242919E-03
32 78 3.7602217693416062E-01
32 84 -8.6728203852895353E-06
32 91 -2.1481584118954226E-02
32 109 9.3947811045510010E-01
32 114 8.6523578658303912E-01
32 119 4.8583521689685355E-01
33 33 2.5955294441842427E-07
33 35 1.4469582756002832E-07
33 40 3.4352583568163233E-05
33 42 1.6600972625000366E-05
33 53 -4.6056882830429655E-06
33 56 -4.1363136931117346E-07
33 59 -1.3053991718775833E-05
33 62 -1.6241456804450992E-05
33 65 2.9586716185333644E-11
33 70 1.8869218672812858E-06
33 75 2.1182591534127811E-05
33 79 2.4734625074638405E-08
33 81 6.6461460983300024E-09
33 86 1.0613275449642961E-05
33 88 -6.1427112260408214E-07
33 97 -1.0712025511793290E-05
33 100 -5.2350914822155702E-06
33 103 -2.3737411674920107E-06
33 106 1.2552840688463781E-05
33 111 6.0824469011870462E-06
33 116 2.3155224466393028E-06
34 34 7.4005088895769537E-09
34 41 1.8314894197959869E-06
34 64 1.0466893448354968E-11
34 69 3.3211478854829685E-07
34 74 1.5045974723054334E-06
34 80 -2.6104797574274505E-09
34 87 -7.6339649304331160E-07
34 105 4.7432015539831487E-07
34 110 1.1870131827329639E-07
34 115 2.2968835163297347E-08
35 35 1.2966727513774268E-07
35 40 1.6600972625000366E-05
35 42 1.6202349842473450E-05
35 53 -4.0769400190528662E-06
35 56 -2.8515561752409330E-07
35 59 -1.1675144927867256E-05
35 62 -1.5274507216667264E-05
35 65 1.2685402051988006E-11
35 70 1.6086349424817361E-06
35 75 2.0136607706785147E-05
35 79 6.6461460983300024E-09
35 81 4.7594715362583467E-10
35 86 4.4919300299500031E-06
35 88 -1.2459130139236935E-06
35 97 -1.0145717106039008E-05
35 100 -4.9687369462173363E-06
35 103 -2.2552675923342286E-06
35 106 1.2090430100811499E-05
35 111 5.8254893222161082E-06
35 116 2.2102524593123216E-06
36 36 4.1563544526199817E-08
36 43 7.2505662334754568E-06
36 47 -3.7169970346685533E-09
36 48 -8.7101910965644521E-07
36 49 -8.0884601817325527E-11
36 50 -2.0391241725320973E-06
36 51 -1.7873139686073134E-06
36 54 3.0587426753526621E-07
36 57 1.3023735060821291E-07
36 60 7.1494186205575420E-07
36 63 -1.9978289174561577E-06
36 66 4.1771851088336121E-11
36 71 8.6385897913723909E-07
36 76 5.8709429368809955E-06
36 82 -1.3515295944701580E-08
36 89 -3.2882509582557905E-06
36 93 -4.6282803564574344E-07
36 94 -1.6730188015377503E-07
36 95 -5.5448533291076555E-08
36 98 -2.1459030147686496E-06
36 101 -1.0881503778801501E-06
36 104 -5.0256691929620501E-07
36 107 3.8877011421012816E-06
36 112 1.6946843697737652E-06
36 117 6.0972184629948037E-07
37 37 1.2966727513774268E-07
37 39 -1.4469582756002832E-07
37 44 1.6202349842473450E-05
37 46 -1.6600972625000366E-05
37 52 -4.0769400190528662E-06
37 55 -2.8515561752409330E-07
37 58 -1.1675144927867256E-05
37 61 -1.5274507216667264E-05
37 67 1.2685402051988006E-11
37 72 1.6086349424817361E-06
37 77 2.0136607706785147E-05
37 83 4.7594715362583467E-10
37 85 -6.6461460983300024E-09
37 90 -1.2459130139236935E-06
37 92 -4.4919300299500031E-06
37 96 -1.0145717106039008E-05
37 99 -4.9687369462173363E-06
37 102 -2.2552675923342286E-06
37 108 1.2090430100811499E-05
37 113 5.8254893222161082E-06
37 118 2.2102524593123216E-06
38 38 6.9146019937400846E-08
38 45 1.2038028143892108E-05
38 68 1.2013686584724238E-10
38 73 2.3153865279169100E-06
38 78 8.6728203853431271E-06
38 84 -2.4390790216375446E-08
38 91 -5.0176814185873542E-06
38 109 2.5982708557124449E-06
38 114 6.3327876237614009E-07
38 119 1.2091589838565659E-07
39 39 2.5955294441842427E-07
39 44 -1.6600972625000366E-05
39 46 3.4352583568163233E-05
39 52 4.6056882830429655E-06
39 55 4.1363136931117346E-07
39 58 1.3053991718775833E-05
39 61 1.6241456804450992E-05
39 67 -2.9586716185333644E-11
39 72 -1.8869218672812858E-06
39 77 -2.1182591534127811E-05
39 83 -6.6461460983300024E-09
39 85 2.4734625074638405E-08
39 90 6.1427112260408214E-07
39 92 1.0613275449642961E-05
39 96 1.0712025511793290E-05
39 99 5.2350914822155702E-06
39 102 2.3737411674920107E-06
39 108 -1.2552840688463781E-05
39 113 -6.0824469011870462E-06
39 118 -2.3155224466393028E-06
40 40 1.9222267977442656E-02
40 42 6.4816050676156714E-03
40 53 -3.4853813023574339E-03
40 56 -1.7598538719067880E-04
40 59 -1.0081369496654788E-02
40 62 -2.0965227249716306E-02
40 65 4.7061324345969169E-09
40 70 5.3821835095481298E-04
40 75 1.4103087401334454E-02
40 79 1.0613275449642961E-05
40 81 4.4919300299500031E-06
40 86 8.7863197412721486E-03
40 88 1.6459037336031147E-03
40 97 -1.5956749477423815E-02
40 100 -8.4767158015526933E-03
40 103 -4.0136611565954865E-03
40 106 1.2180678569951465E-02
40 111 7.7983225562052432E-03
40 116 3.4652134248703199E-03
41 41 2.5396387326337665E-03
41 64 6.7986373020999713E-09
41 69 5.2982954350450366E-04
41 74 7.1509507189469260E-03
41 80 -7.6339649304331160E-07
41 87 -6.5608272767017617E-04
41 105 3.5808668298724085E-03
41 110 1.2316042158665040E-03
41 115 2.7660136444494429E-04
42 42 8.2938006211028138E-03
42 53 -3.1802201364458794E-03
42 56 -5.5913408314302947E-05
42 59 -9.3535085734084266E-03
42 62 -2.4771129914015554E-02
42 65 2.8538672373181724E-09
42 70 5.8164091358926589E-04
42 75 1.8581846153900725E-02
42 79 -6.1427112260408235E-07
42 81 -1.2459130136548607E-06
42 86 1.6459037336031147E-03
42 88 1.1942275202333824E-04
42 97 -1.9552150287159134E-02
42 100 -1.0493162656205804E-02
42 103 -4.9926939498888814E-03
42 106 1.6505800406020885E-02
42 111 1.0050009522216258E-02
42 116 4.3086142204982305E-03
43 43 5.9637246450195622E-03
43 47 -7.1996705280860413E-06
43 48 -1.3657069199504868E-03
43 49 -3.6266389822514867E-08
43 50 -3.3718201322246277E-03
43 51 -5.7507589185503503E-03
43 54 1.0903176985214410E-04
43 57 4.5142062965726108E-05
43 60 2.5674474539796118E-04
43 63 -6.3044141368099830E-03
43 66 2.0455611719354953E-08
43 71 9.2602869310804770E-04
43 76 1.3314284007540887E-02
43 82 -3.2882509589427973E-06
43 89 -2.0068722501634184E-03
43 93 -2.3186618081608348E-03
43 94 -1.2633852284052603E-03
43 95 -6.7241693549568006E-04
43 98 -7.5267039615830016E-03
43 101 -4.1198958834755342E-03
43 104 -1.9777653194641754E-03
43 107 1.0020939537363129E-02
43 112 4.9073086214526298E-03
43 117 1.7730505914497229E-03
44 44 8.2938006211028138E-03
44 46 -6.4816050676156723E-03
44 52 -3.1802201364458794E-03
44 55 -5.5913408314302947E-05
44 58 -9.3535085734084266E-03
44 61 -2.4771129914015554E-02
44 67 2.8538672373181724E-09
44 72 5.8164091358926589E-04
44 77 1.8581846153900725E-02
44 83 -1.2459130136548607E-06
44 85 6.1427112260408235E-07
44 90 1.1942275202333824E-04
44 92 -1.6459037336031147E-03
44 96 -1.9552150287159134E-02
44 99 -1.0493162656205804E-02
44 102 -4.9926939498888814E-03
44 108 1.6505800406020885E-02
44 113 1.0050009522216258E-02
44 118 4.3086142204982305E-03
45 45 9.6655337246407593E-03
45 68 5.9179650081226680E-08
45 73 2.2284861225964256E-03
45 78 2.1481584118954226E-02
45 84 -5.0176814185873542E-06
45 91 -2.4987998712510408E-03
45 109 9.7694705796010969E-03
45 114 3.2126403271050025E-03
45 119 7.1674172016504567E-04
46 46 1.9222267977442656E-02
46 52 3.4853813023574339E-03
46 55 1.7598538719067880E-04
46 58 1.0081369496654788E-02
46 61 2.0965227249716306E-02
46 67 -4.7061324345969169E-09
46 72 -5.3821835095481298E-04
46 77 -1.4103087401334454E-02
46 83 -4.4919300299500031E-06
46 85 1.0613275449642961E-05
46 90 -1.6459037336031147E-03
46 92 8.7863197412721486E-03
46 96 1.5956749477423815E-02
46 99 8.4767158015526933E-03
46 102 4.0136611565954865E-03
46 108 -1.2180678569951465E-02
46 113 -7.7983225562052432E-03
46 118 -3.4652134248703199E-03
47 47 5.9321238816290411E-08
47 48 1.0405063879927072E-05
47 49 9.9286824137318188E-11
47 50 2.6257374251987337E-05
47 51 1.2425887798540432E-04
47 54 3.8734553198268159E-07
47 57 1.0070421772644404E-09
47 60 1.1478250552183388E-06
47 63 7.5956255856034929E-06
47 66 -5.3400233346429809E-11
47 71 -3.8304265308742042E-06
47 76 -8.7869882834431897E-05
47 82 1.7185531081235150E-12
47 89 2.0991746906845063E-07
47 93 1.4002854085625455E-04
47 94 1.2107990598573446E-04
47 95 8.7496272634500063E-05
47 98 4.4812861769376288E-05
47 101 2.8303453110505134E-05
47 104 1.4706492955425607E-05
47 107 -1.1311972372244987E-04
47 112 -8.0227957259367818E-05
47 117 -3.7629579678682715E-05
48 48 1.8451279157743500E-03
48 49 2.5299731399255596E-08
48 50 4.6416575512221682E-03
48 51 2.1010126447343569E-02
48 54 6.3352899136024315E-05
48 57 1.6683151767490875E-07
48 60 1.8773116646245413E-04
48 63 1.2377680634995606E-03
48 66 -1.4486683154291431E-08
48 71 -7.4582179837001303E-04
48 76 -1.5174977065444979E-02
48 82 2.8857941039263923E-10
48 89 3.4534468863298113E-05
48 93 2.3465354193736059E-02
48 94 2.0203584379985387E-02
48 95 1.4569655293083487E-02
48 98 7.4927124386616473E-03
48 101 4.7092138224465799E-03
48 104 2.4413551968913228E-03
48 107 -1.8988849219095945E-02
48 112 -1.3352238776126620E-02
48 117 -6.2393774344254235E-03
49 49 6.0521182681920048E-12
49 50 5.8106936008706233E-08
49 51 8.6633902482826642E-08
49 54 2.0049357041973543E-13
49 57 3.6195029086524268E-15
49 60 5.8973205052410396E-13
49 63 1.0727620384530477E-12
49 66 -4.5134345654594171E-12
49 71 -3.1964837896136506E-08
49 76 -1.0917489089062187E-07
49 89 3.2151388732670504E-13
49 93 6.7531060425731005E-08
49 94 4.7412136418846773E-08
49 95 3.0642329655867947E-08
49 98 2.0064947642744453E-08
49 101 9.8127512874586400E-09
49 104 4.4507129318256292E-09
49 107 -5.2439279639540716E-08
49 112 -2.3771011965121958E-08
49 117 -8.7394808021837344E-09
50 50 1.1687139013238429E-02
50 51 5.3588210277986298E-02
50 54 1.6319572778486150E-04
50 57 4.2810680479436035E-07
50 60 4.8359394991262533E-04
50 63 3.1919923747591914E-03
50 66 -3.2828251177514903E-08
50 71 -1.8284414779604435E-03
50 76 -3.8466450449450032E-02
50 82 7.3755395243526431E-10
50 89 8.8804007510674969E-05
50 93 6.0009160618695274E-02
50 94 5.1733200525050663E-02
50 95 3.7329912566780150E-02
50 98 1.9174252316169670E-02
50 101 1.2068700115651755E-02
50 104 6.2609086408156695E-03
50 107 -4.8536367513340901E-02
50 112 -3.4216133450718111E-02
50 117 -1.6006638952839387E-02
51 51 6.5561821264943632E-01
51 54 2.0618499773409141E-03
51 57 2.2073322008504092E-06
51 60 6.1145653759788502E-03
51 63 1.2740542632881596E-01
51 66 -4.6336335802561418E-08
51 71 -4.4103155204659626E-03
51 76 -2.3051423811880450E-01
51 82 2.8157014958257106E-09
51 89 6.2365342353777110E-04
51 93 1.1945306623069250E+00
51 94 1.4500329237488230E+00
51 95 1.2896252008118745E+00
51 98 4.1687722128839361E-01
51 101 4.0302997916586458E-01
51 104 2.6927049761149258E-01
51 107 -6.3710407258327839E-01
51 112 -7.9492946542233744E-01
51 117 -5.5419694313597867E-01
52 52 9.0809325545898739E-03
52 55 3.2338079702677109E-04
52 58 2.6466229986474094E-02
52 61 8.1856784716014472E-02
52 72 6.6554945168429266E-07
52 77 2.7616074331731044E-04
52 83 -8.6470672262831547E-06
52 85 9.3551805999905485E-06
52 90 -6.4927615765742411E-03
52 92 5.8468626337171113E-03
52 96 6.4548486912526501E-02
52 99 3.8918606110322808E-02
52 102 1.9734310871218783E-02
52 108 2.7829291925281222E-02
52 113 2.5950663248632648E-02
52 118 1.4571484563984095E-02
53 53 9.0809325545898739E-03
53 56 3.2338079702677109E-04
53 59 2.6466229986474094E-02
53 62 8.1856784716014472E-02
53 70 6.6554945168429266E-07
53 75 2.7616074331731044E-04
53 79 -9.3551805999905485E-06
53 81 -8.6470672262831547E-06
53 86 -5.8468626337171113E-03
53 88 -6.4927615765742411E-03
53 97 6.4548486912526501E-02
53 100 3.8918606110322808E-02
53 103 1.9734310871218783E-02
53 106 2.7829291925281222E-02
53 111 2.5950663248632648E-02
53 116 1.4571484563984095E-02
54 54 1.8367338776176731E-03
54 57 3.7088034547073272E-05
54 60 5.3950189888937444E-03
54 63 2.3230920419052635E-02
54 66 3.0278999833052958E-14
54 71 9.1207801376190195E-06
54 76 2.2584060858842148E-03
54 82 -1.7144773309491491E-06
54 89 -2.2981113347459430E-03
54 93 -6.0285385400947532E-04
54 94 1.2069841253442531E-03
54 95 1.5999386410438265E-03
54 98 1.8735586435798052E-02
54 101 1.2401744279238276E-02
54 104 6.6107236587274881E-03
54 107 1.5278987438332631E-02
54 112 1.4439052473159918E-02
54 117 8.4831389882952819E-03
55 55 3.8584453530884528E-05
55 58 9.0245047505550574E-04
55 61 1.0140312708702868E-03
55 72 3.0216060502323627E-09
55 77 2.8222745452629146E-07
55 83 -1.8004526110536078E-06
55 85 2.0148750435024910E-06
55 90 -4.4512640249467242E-04
55 92 4.5303835308670669E-04
55 96 5.9209681792469257E-04
55 99 3.0161605593200316E-04
55 102 1.3971214959605983E-04
55 108 5.5861569768827937E-04
55 113 3.1221500244466260E-04
55 118 1.2844703970802646E-04
56 56 3.8584453530884528E-05
56 59 9.0245047505550574E-04
56 62 1.0140312708702868E-03
56 70 3.0216060502323627E-09
56 75 2.8222745452629146E-07
56 79 -2.0148750435024910E-06
56 81 -1.8004526110536078E-06
56 86 -4.5303835308670669E-04
56 88 -4.4512640249467242E-04
56 97 5.9209681792469257E-04
56 100 3.0161605593200316E-04
56 103 1.3971214959605983E-04
56 106 5.5861569768827937E-04
56 111 3.1221500244466260E-04
56 116 1.2844703970802646E-04
57 57 3.2986126946822683E-06
57 60 1.0516699339286501E-04
57 63 1.3552925445264307E-04
57 71 6.1203011201689552E-08
57 76 4.1767030975455899E-06
57 82 -2.9360327964156072E-07
57 89 -1.1481811608987298E-04
57 93 -1.3908245479029592E-05
57 94 -4.2445889575991848E-06
57 95 -7.2716121390873751E-07
57 98 7.7611155283161004E-05
57 101 4.1388816097902456E-05
57 104 1.9628854474832774E-05
57 107 1.1791394348037901E-04
57 112 6.0134611623533054E-05
57 117 2.3828481717976224E-05
58 58 7.7194616448693798E-02
58 61 2.4138198933767446E-01
58 67 2.6436912149733802E-15
58 72 1.9703197233306843E-06
58 77 8.1899452483623824E-04
58 83 -2.2994081348150903E-05
58 85 2.4777998586653319E-05
58 90 -1.8606647678393394E-02
58 92 1.6678461427393626E-02
58 96 1.9064965357987385E-01
58 99 1.1503145130167489E-01
58 102 5.8348128562451189E-02
58 108 8.1747600202533771E-02
58 113 7.6537866722134237E-02
58 118 4.3045880396740885E-02
59 59 7.7194616448693798E-02
59 62 2.4138198933767446E-01
59 65 2.6436912149733802E-15
59 70 1.9703197233306843E-06
59 75 8.1899452483623824E-04
59 79 -2.4777998586653319E-05
59 81 -2.2994081348150903E-05
59 86 -1.6678461427393626E-02
59 88 -1.8606647678393394E-02
59 97 1.9064965357987385E-01
59 100 1.1503145130167489E-01
59 103 5.8348128562451189E-02
59 106 8.1747600202533771E-02
59 111 7.6537866722134237E-02
59 116 4.3045880396740885E-02
60 60 1.5852310349733379E-02
60 63 6.8729301205789767E-02
60 66 8.8444361793113917E-14
60 71 2.6972251419234324E-05
60 76 6.6948651080167123E-03
60 82 -4.6528474049643828E-06
60 89 -6.6490274496347401E-03
60 93 -1.7681897698749107E-03
60 94 3.5875881424198264E-03
60 95 4.7483428343874350E-03
60 98 5.5476610878104411E-02
60 101 3.6736690232384635E-02
60 104 1.9586014499735391E-02
60 107 4.5160731386424895E-02
60 112 4.2753974403115125E-02
60 117 2.5135550962355323E-02
61 61 3.2461371690798768E+00
61 67 4.7751817234837937E-15
61 72 7.1750604596482893E-06
61 77 1.0353019778495556E-02
61 83 -1.8762431036085782E-05
61 85 1.9879513026264629E-05
61 90 -3.0362450961050877E-02
61 92 2.5253498755490336E-02
61 96 4.9744163283476421E+00
61 99 4.7297043986115037E+00
61 102 3.1628928743569431E+00
61 108 4.0839998920272164E-01
61 113 1.0230757090113940E+00
61 118 1.2288388195409732E+00
62 62 3.2461371690798768E+00
62 65 4.7751817234837937E-15
62 70 7.1750604596482893E-06
62 75 1.0353019778495556E-02
62 79 -1.9879513026264629E-05
62 81 -1.8762431036085782E-05
62 86 -2.5253498755490336E-02
62 88 -3.0362450961050877E-02
62 97 4.9744163283476421E+00
62 100 4.7297043986115037E+00
62 103 3.1628928743569431E+00
62 106 4.0839998920272164E-01
62 111 1.0230757090113940E+00
62 116 1.2288388195409732E+00
63 63 1.4881849089626153E+00
63 66 1.5103916802294273E-13
63 71 8.2949439197270439E-05
63 76 6.1665712185889600E-02
63 82 -4.1148607482448252E-06
63 89 -1.2069051072391097E-02
63 93 -7.2130313634038171E-02
63 94 1.5172248532031449E-01
63 95 3.0010574102986110E-01
63 98 2.4179379317764074E+00
63 101 2.5992194170841052E+00
63 104 1.8595170878682319E+00
63 107 4.9690903658623048E-01
63 112 1.1120830617187949E+00
63 117 1.3100919995870453E+00
64 64 7.7013539577776345E-13
64 69 6.5006257286388271E-09
64 74 2.2682791072403488E-08
64 105 1.3728843093721671E-08
64 110 6.3106261884742144E-09
64 115 2.3365270002468583E-09
65 65 3.9150999443098165E-13
65 70 3.3357364522693481E-09
65 75 1.1683387441437966E-08
65 88 3.6258728084225182E-15
65 97 -2.9048325454526106E-10
65 100 -7.0472029461015884E-11
65 103 -1.5917441942552631E-11
65 106 5.9796272462814599E-09
65 111 2.9973037461222922E-09
65 116 1.1573975274482683E-09
66 66 3.5181214010850230E-12
66 71 1.9840825201724098E-08
66 76 6.0149470260668145E-08
66 89 5.1704508443859107E-14
66 93 -3.5597101721291105E-08
66 94 -2.4812042671830509E-08
66 95 -1.5976619004420982E-08
66 98 -1.0617964614457762E-08
66 101 -5.1451119255577873E-09
66 104 -2.3227164984735860E-09
66 107 2.7460537496451183E-08
66 112 1.2271858642080673E-08
66 117 4.4781708506618176E-09
67 67 3.9150999443098165E-13
67 72 3.3357364522693481E-09
67 77 1.1683387441437966E-08
67 90 3.6258728084225182E-15
67 96 -2.9048325454526106E-10
67 99 -7.0472029461015884E-11
67 102 -1.5917441942552631E-11
67 108 5.9796272462814599E-09
67 113 2.9973037461222922E-09
67 118 1.1573975274482683E-09
68 68 1.0517433038168932E-11
68 73 5.9180755554840340E-08
68 78 1.7907990277010642E-07
68 109 1.0444962936568461E-07
68 114 4.7106276978297352E-08
68 119 1.7273656751034276E-08
69 69 3.5181262015009974E-04
69 74 4.2930647590147348E-03
69 80 4.3562589416065260E-13
69 87 7.2126299018012731E-08
69 105 4.0351878846688815E-03
69 110 2.3612289717078782E-03
69 115 9.9668431891434595E-04
70 70 1.8489034630930003E-04
70 75 2.3012207610688252E-03
70 81 1.4057297529757861E-11
70 88 1.3416400140047024E-06
70 97 -1.2013617196182187E-04
70 100 -3.0227659067737865E-05
70 103 -6.3604754021817494E-06
70 106 1.8725368225071810E-03
70 111 1.1860656490690995E-03
70 116 5.2242222168788651E-04
71 71 5.5258179033085037E-04
71 76 5.1286640197072998E-03
71 82 1.6337336576066790E-10
71 89 8.8219346046946516E-06
71 93 -3.9531807785238796E-03
71 94 -2.9791274424557619E-03
71 95 -1.9967460996738891E-03
71 98 -1.1342912870630386E-03
71 101 -5.8853352076136418E-04
71 104 -2.7496664851644684E-04
71 107 3.8548327226075388E-03
71 112 2.1796990604983591E-03
71 117 9.0733586706796961E-04
72 72 1.8489034630930003E-04
72 77 2.3012207610688252E-03
72 83 1.4057297529757861E-11
72 90 1.3416400140047024E-06
72 96 -1.2013617196182187E-04
72 99 -3.0227659067737865E-05
72 102 -6.3604754021817494E-06
72 108 1.8725368225071810E-03
72 113 1.1860656490690995E-03
72 118 5.2242222168788651E-04
73 73 1.6196528936048892E-03
73 78 1.4596923233776236E-02
73 84 4.3562589706198269E-13
73 91 7.2126299018012718E-08
73 109 1.2569657838118925E-02
73 114 7.0185118465727631E-03
73 119 2.8914588180381545E-03
74 74 2.3668823743256595E-01
74 80 2.5370621171998471E-11
74 87 1.8402715086188401E-05
74 105 4.9026717622243865E-01
74 110 4.8795625045013397E-01
74 115 2.8557113077187407E-01
75 75 1.3556075287327449E-01
75 81 6.6759553969422890E-10
75 88 2.3197578050868615E-04
75 97 -2.5290492877637672E-02
75 100 -4.3235599321742495E-03
75 103 1.1156091832419679E-03
75 106 2.5436079282768259E-01
75 111 2.7617037207331285E-01
75 116 1.7139800908912636E-01
76 76 2.1175481354556158E-01
76 82 6.2869210018709005E-09
76 89 1.0188851724983775E-03
76 93 -2.9624761504326746E-01
76 94 -2.6735393956312786E-01
76 95 -1.9723261062700886E-01
76 98 -4.5827153941196352E-02
76 101 -2.0331508402412074E-02
76 104 -7.8244504215596589E-03
76 107 3.6610373579562872E-01
76 112 3.7804152260214052E-01
76 117 2.3014369366465443E-01
77 77 1.3556075287327449E-01
77 83 6.6759553969422890E-10
77 90 2.3197578050868615E-04
77 96 -2.5290492877637672E-02
77 99 -4.3235599321742495E-03
77 102 1.1156091832419679E-03
77 108 2.5436079282768259E-01
77 113 2.7617037207331285E-01
77 118 1.7139800908912636E-01
78 78 5.2063022455241958E-01
78 84 2.5370621171998455E-11
78 91 1.8402715086180124E-05
78 109 9.3947811045510132E-01
78 114 8.6523578658303857E-01
78 119 4.8583521689685349E-01
79 79 2.5955294542062630E-07
79 81 1.4469582756002835E-07
79 86 3.4352583568054685E-05
79 88 1.6600972625000366E-05
79 97 -1.0712025511793289E-05
79 100 -5.2350914822155702E-06
79 103 -2.3737411674920103E-06
79 106 -1.2552840688463777E-05
79 111 -6.0824469011870471E-06
79 116 -2.3155224466393028E-06
80 80 7.4005088895769537E-09
80 87 1.8314894200130751E-06
80 105 -4.7432015543295036E-07
80 110 -1.1870131825740454E-07
80 115 -2.2968835184422484E-08
81 81 1.2966727467781644E-07
81 86 1.6600972625000366E-05
81 88 1.6202349841048788E-05
81 97 -1.0145717106130209E-05
81 100 -4.9687369462039701E-06
81 103 -2.2552675923422754E-06
81 106 -1.2090430100783167E-05
81 111 -5.8254893221575680E-06
81 116 -2.2102524593301547E-06
82 82 4.1563545587447317E-08
82 89 7.2505662349218266E-06
82 93 4.6282803507713054E-07
82 94 1.6730188047946227E-07
82 95 5.5448533124617124E-08
82 98 -2.1459030148277200E-06
82 101 -1.0881503779394778E-06
82 104 -5.0256691924178262E-07
82 107 -3.8877011421030849E-06
82 112 -1.6946843698842495E-06
82 117 -6.0972184629209773E-07
83 83 1.2966727467781644E-07
83 85 -1.4469582756002832E-07
83 90 1.6202349841048788E-05
83 92 -1.6600972625000366E-05
83 96 -1.0145717106130209E-05
83 99 -4.9687369462039701E-06
83 102 -2.2552675923422754E-06
83 108 -1.2090430100783167E-05
83 113 -5.8254893221575680E-06
83 118 -2.2102524593301547E-06
84 84 6.9146019937400846E-08
84 91 1.2038028144109192E-05
84 109 -2.5982708557470810E-06
84 114 -6.3327876236024849E-07
84 119 -1.2091589840678172E-07
85 85 2.5955294542062630E-07
85 90 -1.6600972625000366E-05
85 92 3.4352583568054685E-05
85 96 1.0712025511793289E-05
85 99 5.2350914822155702E-06
85 102 2.3737411674920103E-06
85 108 1.2552840688463777E-05
85 113 6.0824469011870471E-06
85 118 2.3155224466393028E-06
86 86 1.9222267977442656E-02
86 88 6.4816050676156714E-03
86 97 -1.5956749477423808E-02
86 100 -8.4767158015526915E-03
86 103 -4.0136611565954857E-03
86 106 -1.2180678569951465E-02
86 111 -7.7983225562052415E-03
86 116 -3.4652134248703208E-03
87 87 2.5396387326327642E-03
87 105 -3.5808668298715311E-03
87 110 -1.2316042158663401E-03
87 115 -2.7660136444480167E-04
88 88 8.2938006211036152E-03
88 97 -1.9552150287159165E-02
88 100 -1.0493162656205939E-02
88 103 -4.9926939498888814E-03
88 106 -1.6505800406022512E-02
88 111 -1.0050009522216576E-02
88 116 -4.3086142204982808E-03
89 89 5.9637246450172923E-03
89 93 2.3186618081605884E-03
89 94 1.2633852284044628E-03
89 95 6.7241693549625924E-04
89 98 -7.5267039615836938E-03
89 101 -4.1198958834756201E-03
89 104 -1.9777653194641143E-03
89 107 -1.0020939537360940E-02
89 112 -4.9073086214524303E-03
89 117 -1.7730505914495868E-03
90 90 8.2938006211036152E-03
90 92 -6.4816050676156723E-03
90 96 -1.9552150287159165E-02
90 99 -1.0493162656205939E-02
90 102 -4.9926939498888814E-03
90 108 -1.6505800406022512E-02
90 113 -1.0050009522216576E-02
90 118 -4.3086142204982808E-03
91 91 9.6655337246397584E-03
91 109 -9.7694705796002191E-03
91 114 -3.2126403271048399E-03
91 119 -7.1674172016490320E-04
92 92 1.9222267977442656E-02
92 96 1.5956749477423808E-02
92 99 8.4767158015526915E-03
92 102 4.0136611565954857E-03
92 108 1.2180678569951465E-02
92 113 7.7983225562052415E-03
92 118 3.4652134248703208E-03
93 93 3.2677275166001225E+00
93 94 5.3614119126524225E+00
93 95 5.9280061699275866E+00
93 107 -1.2307810622027342E+00
93 112 -2.3198414062077504E+00
93 117 -2.4323730661726732E+00
94 94 1.2401241802603888E+01
94 95 1.8531515768819812E+01
94 107 -1.3781008782392639E+00
94 112 -3.4925624806921025E+00
94 117 -5.2113986664026406E+00
95 95 3.8472124214102429E+01
95 107 -1.1575398811574704E+00
95 112 -3.5852082371886134E+00
95 117 -7.1393590729284995E+00
96 96 1.2427514734759910E+01
96 99 1.7491917849255017E+01
96 102 1.5560491021779841E+01
97 97 1.2427514734759910E+01
97 100 1.7491917849255017E+01
97 103 1.5560491021779841E+01
98 98 7.1140764853374590E+00
98 101 1.1199817723610053E+01
98 104 1.0571552759478211E+01
99 99 3.8369659414548124E+01
99 102 5.0593470608214545E+01
100 100 3.8369659414548124E+01
100 103 5.0593470608214545E+01
101 101 2.7727251972058355E+01
101 104 3.8999847261709114E+01
102 102 1.0309514562605179E+02
103 103 1.0309514562605179E+02
104 104 8.5097816402741614E+01
105 105 2.0071178759489756E+00
105 110 3.2545323416381637E+00
105 115 2.7207941936843585E+00
106 106 1.1991181815439993E+00
106 111 2.0416924040481308E+00
106 116 1.7673073218755586E+00
107 107 1.4822074087741475E+00
107 112 2.4662737188314265E+00
107 117 2.1156268795597479E+00
108 108 1.1991181815439993E+00
108 113 2.0416924040481308E+00
108 118 1.7673073218755586E+00
109 109 3.2756315223307575E+00
109 114 4.8435738058003430E+00
109 119 3.8518955876029768E+00
110 110 9.3100825421773390E+00
110 115 1.2901727572526561E+01
111 111 6.3223266907239486E+00
111 116 9.2739037525140340E+00
112 112 7.4956696562832228E+00
112 117 1.0847347959080297E+01
113 113 6.3223266907239486E+00
113 118 9.2739037525140340E+00
114 114 1.2498575085543225E+01
114 119 1.6360975391220354E+01
115 115 3.1328426635021405E+01
116 116 2.4221883268691499E+01
117 117 2.7701634617451020E+01
118 118 2.4221883268691499E+01
119 119 3.7339998394815900E+01
