spherical

!----------------------------------------------------------------------
! Basis Set Exchange
! Version 2.1.2+1869.g5f3148a9.dirty
! https://www.basissetexchange.org
!----------------------------------------------------------------------
!   Basis set: cc-pV9Z
! Description: V7Z6P   Valence Octuple Zeta + Polarization on All Atoms
!        Role: orbital
!     Version: 0  (Data from the original Basis Set Exchange)
!----------------------------------------------------------------------


****
Ne     0
S   22   1.00
23015748.                    0.96756722D-07
3406478.0                    0.76022733D-06
 766405.0                    0.41194508D-05
 209480.0                    0.18538108D-04
  65557.0                    0.71219188D-04
  22993.0                    0.23862683D-03
   8855.08                   0.72101492D-03
   3650.99                   0.20419452D-02
   1573.22                   0.55616242D-02
    697.005                  0.014639531
    315.652                  0.036543265
    146.443                  0.083450105
     69.7874                 0.166351823
     34.1501                 0.270049550
     17.1191                 0.313567680
      8.712439               0.205463367
      4.389713               0.051063387
      2.197222               0.29358374D-02
      1.083037               0.13729280D-02
      0.533987               0.12730329D-03
      0.262870               0.15282880D-03
      0.119039              -0.11012535D-04
S   22   1.00
23015748.                   -0.22720964D-07
3406478.0                   -0.17853772D-06
 766405.0                   -0.96732804D-06
 209480.0                   -0.43539656D-05
  65557.0                   -0.16725280D-04
  22993.0                   -0.56068386D-04
   8855.08                  -0.16947290D-03
   3650.99                  -0.48085599D-03
   1573.22                  -0.13136901D-02
    697.005                 -0.34855166D-02
    315.652                 -0.88381618D-02
    146.443                 -0.020871370
     69.7874                -0.044373979
     34.1501                -0.081942970
     17.1191                -0.122396921
      8.712439              -0.118011700
      4.389713               0.013627065
      2.197222               0.253785226
      1.083037               0.415609871
      0.533987               0.342535651
      0.262870               0.115384134
      0.119039               0.60878761D-02
S   1   1.00
     17.1191                 1.0
S   1   1.00
      8.712439               1.0
S   1   1.00
      4.389713               1.0
S   1   1.00
      2.197222               1.0
S   1   1.00
      1.083037               1.0
S   1   1.00
      0.533987               1.0
S   1   1.00
      0.262870               1.0
S   1   1.00
      0.119039               1.0
P   16   1.00
  11543.6                    0.17507069D-05
   2912.15                   0.13632768D-04
    997.684                  0.75339633D-04
    383.643                  0.36253157D-03
    158.531                  0.15198830D-02
     69.5342                 0.54886444D-02
     32.0060                 0.017020535
     15.2805                 0.045765537
      7.509001               0.103909456
      3.762138               0.186591522
      1.898376               0.257630627
      0.9575798              0.277311429
      0.4820758              0.228269004
      0.2419713              0.122890814
      0.1195759              0.028353858
      0.0485331              0.62584132D-03
P   1   1.00
      7.509001               1.0
P   1   1.00
      3.762138               1.0
P   1   1.00
      1.898376               1.0
P   1   1.00
      0.9575798              1.0
P   1   1.00
      0.4820758              1.0
P   1   1.00
      0.2419713              1.0
P   1   1.00
      0.1195759              1.0
P   1   1.00
      0.0485331              1.0
D   1   1.00
     34.58927                1.0
D   1   1.00
     18.05574                1.0
D   1   1.00
      9.425175               1.0
D   1   1.00
      4.919981               1.0
D   1   1.00
      2.568251               1.0
D   1   1.00
      1.340638               1.0
D   1   1.00
      0.699819               1.0
D   1   1.00
      0.365308               1.0
F   1   1.00
     19.56700                1.0
F   1   1.00
     10.78116                1.0
F   1   1.00
      5.939372               1.0
F   1   1.00
      3.272016               1.0
F   1   1.00
      1.802562               1.0
F   1   1.00
      0.993036               1.0
F   1   1.00
      0.547066               1.0
G   1   1.00
     21.36836                1.0
G   1   1.00
     11.43646                1.0
G   1   1.00
      6.120854               1.0
G   1   1.00
      3.275913               1.0
G   1   1.00
      1.753286               1.0
G   1   1.00
      0.938368               1.0
H   1   1.00
     14.43023                1.0
H   1   1.00
      7.868231               1.0
H   1   1.00
      4.290234               1.0
H   1   1.00
      2.339294               1.0
H   1   1.00
      1.275524               1.0
I   1   1.00
     14.82015                1.0
I   1   1.00
      7.647065               1.0
I   1   1.00
      3.945816               1.0
I   1   1.00
      2.036005               1.0
J   1   1.00
     10.58400                1.0
J   1   1.00
      5.040000               1.0
J   1   1.00
      2.400000               1.0
K   1   1.00
      9.453225               1.0
K   1   1.00
      4.460690               1.0
L   1   1.00
      6.49                   1.0
****
