spherical

!----------------------------------------------------------------------
! Basis Set Exchange
! Version 2.1.2+1869.g5f3148a9.dirty
! https://www.basissetexchange.org
!----------------------------------------------------------------------
!   Basis set: LANL08(f)
! Description: LANL08(f)
!        Role: orbital
!     Version: 0  (Values from the Original Basis Set Exchange)
!----------------------------------------------------------------------


****
Sc     0
S   1   1.00
      3.7170000              1.0000000
S   1   1.00
      1.0970000              1.0000000
S   1   1.00
      0.4164000              1.0000000
S   1   1.00
      0.0761000              1.0000000
S   1   1.00
      0.0284000              1.0000000
P   1   1.00
     10.4000000              1.0000000
P   1   1.00
      1.3110000              1.0000000
P   1   1.00
      0.4266000              1.0000000
P   1   1.00
      0.0470000              1.0000000
P   1   1.00
      0.0140000              1.0000000
D   1   1.00
     15.1300000              1.0000000
D   1   1.00
      4.2050000              1.0000000
D   1   1.00
      1.3030000              1.0000000
D   1   1.00
      0.3680000              1.0000000
D   1   1.00
      0.0812000              1.0000000
F   1   1.00
      1.3350000              1.0000000
****
Ti     0
S   1   1.00
      4.3720000              1.0000000
S   1   1.00
      1.0980000              1.0000000
S   1   1.00
      0.4178000              1.0000000
S   1   1.00
      0.0872000              1.0000000
S   1   1.00
      0.0314000              1.0000000
P   1   1.00
     12.5200000              1.0000000
P   1   1.00
      1.4910000              1.0000000
P   1   1.00
      0.4859000              1.0000000
P   1   1.00
      0.0530000              1.0000000
P   1   1.00
      0.0160000              1.0000000
D   1   1.00
     20.2100000              1.0000000
D   1   1.00
      5.4950000              1.0000000
D   1   1.00
      1.6990000              1.0000000
D   1   1.00
      0.4840000              1.0000000
D   1   1.00
      0.1157000              1.0000000
F   1   1.00
      1.5060000              1.0000000
****
V     0
S   1   1.00
      4.5900000              1.0000000
S   1   1.00
      1.4930000              1.0000000
S   1   1.00
      0.5570000              1.0000000
S   1   1.00
      0.0975000              1.0000000
S   1   1.00
      0.0342000              1.0000000
P   1   1.00
     13.7600000              1.0000000
P   1   1.00
      1.7120000              1.0000000
P   1   1.00
      0.5587000              1.0000000
P   1   1.00
      0.0590000              1.0000000
P   1   1.00
      0.0180000              1.0000000
D   1   1.00
     25.7000000              1.0000000
D   1   1.00
      6.5300000              1.0000000
D   1   1.00
      2.0780000              1.0000000
D   1   1.00
      0.6243000              1.0000000
D   1   1.00
      0.1542000              1.0000000
F   1   1.00
      1.7510000              1.0000000
****
Cr     0
S   1   1.00
      5.3610000              1.0000000
S   1   1.00
      1.4490000              1.0000000
S   1   1.00
      0.5496000              1.0000000
S   1   1.00
      0.1052000              1.0000000
S   1   1.00
      0.0364000              1.0000000
P   1   1.00
     16.4200000              1.0000000
P   1   1.00
      1.9140000              1.0000000
P   1   1.00
      0.6241000              1.0000000
P   1   1.00
      0.0630000              1.0000000
P   1   1.00
      0.0190000              1.0000000
D   1   1.00
     28.9500000              1.0000000
D   1   1.00
      7.7080000              1.0000000
D   1   1.00
      2.4950000              1.0000000
D   1   1.00
      0.7655000              1.0000000
D   1   1.00
      0.1889000              1.0000000
F   1   1.00
      1.9410000              1.0000000
****
Mn     0
S   1   1.00
      5.9140000              1.0000000
S   1   1.00
      1.6050000              1.0000000
S   1   1.00
      0.6260000              1.0000000
S   1   1.00
      0.1115000              1.0000000
S   1   1.00
      0.0380000              1.0000000
P   1   1.00
     18.2000000              1.0000000
P   1   1.00
      2.1410000              1.0000000
P   1   1.00
      0.7009000              1.0000000
P   1   1.00
      0.0690000              1.0000000
P   1   1.00
      0.0210000              1.0000000
D   1   1.00
     32.2700000              1.0000000
D   1   1.00
      8.8750000              1.0000000
D   1   1.00
      2.8900000              1.0000000
D   1   1.00
      0.8761000              1.0000000
D   1   1.00
      0.2120000              1.0000000
F   1   1.00
      2.1950000              1.0000000
****
Fe     0
S   1   1.00
      6.4220000              1.0000000
S   1   1.00
      1.8260000              1.0000000
S   1   1.00
      0.7135000              1.0000000
S   1   1.00
      0.1021000              1.0000000
S   1   1.00
      0.0363000              1.0000000
P   1   1.00
     19.4800000              1.0000000
P   1   1.00
      2.3890000              1.0000000
P   1   1.00
      0.7795000              1.0000000
P   1   1.00
      0.0740000              1.0000000
P   1   1.00
      0.0220000              1.0000000
D   1   1.00
     37.0800000              1.0000000
D   1   1.00
     10.1000000              1.0000000
D   1   1.00
      3.2200000              1.0000000
D   1   1.00
      0.9628000              1.0000000
D   1   1.00
      0.2262000              1.0000000
F   1   1.00
      2.4620000              1.0000000
****
Co     0
S   1   1.00
      7.1760000              1.0000000
S   1   1.00
      2.0090000              1.0000000
S   1   1.00
      0.8055000              1.0000000
S   1   1.00
      0.1070000              1.0000000
S   1   1.00
      0.0375000              1.0000000
P   1   1.00
     21.3900000              1.0000000
P   1   1.00
      2.6500000              1.0000000
P   1   1.00
      0.8619000              1.0000000
P   1   1.00
      0.0800000              1.0000000
P   1   1.00
      0.0230000              1.0000000
D   1   1.00
     39.2500000              1.0000000
D   1   1.00
     10.7800000              1.0000000
D   1   1.00
      3.4960000              1.0000000
D   1   1.00
      1.0660000              1.0000000
D   1   1.00
      0.2606000              1.0000000
F   1   1.00
      2.7800000              1.0000000
****
Ni     0
S   1   1.00
      7.6200000              1.0000000
S   1   1.00
      2.2940000              1.0000000
S   1   1.00
      0.8760000              1.0000000
S   1   1.00
      0.1153000              1.0000000
S   1   1.00
      0.0396000              1.0000000
P   1   1.00
     23.6600000              1.0000000
P   1   1.00
      2.8930000              1.0000000
P   1   1.00
      0.9435000              1.0000000
P   1   1.00
      0.0840000              1.0000000
P   1   1.00
      0.0240000              1.0000000
D   1   1.00
     42.7200000              1.0000000
D   1   1.00
     11.7600000              1.0000000
D   1   1.00
      3.8170000              1.0000000
D   1   1.00
      1.1690000              1.0000000
D   1   1.00
      0.2836000              1.0000000
F   1   1.00
      3.1300000              1.0000000
****
Cu     0
S   1   1.00
      8.1760000              1.0000000
S   1   1.00
      2.5680000              1.0000000
S   1   1.00
      0.9587000              1.0000000
S   1   1.00
      0.1153000              1.0000000
S   1   1.00
      0.0396000              1.0000000
P   1   1.00
     25.6300000              1.0000000
P   1   1.00
      3.1660000              1.0000000
P   1   1.00
      1.0230000              1.0000000
P   1   1.00
      0.0860000              1.0000000
P   1   1.00
      0.0240000              1.0000000
D   1   1.00
     41.3400000              1.0000000
D   1   1.00
     11.4200000              1.0000000
D   1   1.00
      3.8390000              1.0000000
D   1   1.00
      1.2300000              1.0000000
D   1   1.00
      0.3102000              1.0000000
F   1   1.00
      3.5250000              1.0000000
****
Y     0
S   1   1.00
      1.7510000              1.0000000
S   1   1.00
      1.1430000              1.0000000
S   1   1.00
      0.3581000              1.0000000
S   1   1.00
      0.1058000              1.0000000
S   1   1.00
      0.0318000              1.0000000
P   1   1.00
      3.8840000              1.0000000
P   1   1.00
      0.7660000              1.0000000
P   1   1.00
      0.2890000              1.0000000
P   1   1.00
      0.0629000              1.0000000
P   1   1.00
      0.0223000              1.0000000
D   1   1.00
      1.5230000              1.0000000
D   1   1.00
      0.5634000              1.0000000
D   1   1.00
      0.1834000              1.0000000
D   1   1.00
      0.0569000              1.0000000
F   1   1.00
      0.8350000              1.0000000
****
Zr     0
S   1   1.00
      1.9760000              1.0000000
S   1   1.00
      1.1540000              1.0000000
S   1   1.00
      0.3910000              1.0000000
S   1   1.00
      0.1001000              1.0000000
S   1   1.00
      0.0334000              1.0000000
P   1   1.00
      4.1920000              1.0000000
P   1   1.00
      0.8764000              1.0000000
P   1   1.00
      0.2972000              1.0000000
P   1   1.00
      0.0724000              1.0000000
P   1   1.00
      0.0243000              1.0000000
D   1   1.00
      2.2690000              1.0000000
D   1   1.00
      0.7855000              1.0000000
D   1   1.00
      0.2615000              1.0000000
D   1   1.00
      0.0802000              1.0000000
F   1   1.00
      0.8750000              1.0000000
****
Nb     0
S   1   1.00
      2.1820000              1.0000000
S   1   1.00
      1.2090000              1.0000000
S   1   1.00
      0.4165000              1.0000000
S   1   1.00
      0.1454000              1.0000000
S   1   1.00
      0.0392000              1.0000000
P   1   1.00
      4.5190000              1.0000000
P   1   1.00
      0.9406000              1.0000000
P   1   1.00
      0.3492000              1.0000000
P   1   1.00
      0.0752000              1.0000000
P   1   1.00
      0.0247000              1.0000000
D   1   1.00
      3.4660000              1.0000000
D   1   1.00
      0.9938000              1.0000000
D   1   1.00
      0.3350000              1.0000000
D   1   1.00
      0.1024000              1.0000000
F   1   1.00
      0.9520000              1.0000000
****
Mo     0
S   1   1.00
      2.3610000              1.0000000
S   1   1.00
      1.3090000              1.0000000
S   1   1.00
      0.4500000              1.0000000
S   1   1.00
      0.1681000              1.0000000
S   1   1.00
      0.0423000              1.0000000
P   1   1.00
      4.8950000              1.0000000
P   1   1.00
      1.0440000              1.0000000
P   1   1.00
      0.3877000              1.0000000
P   1   1.00
      0.0780000              1.0000000
P   1   1.00
      0.0247000              1.0000000
D   1   1.00
      2.9930000              1.0000000
D   1   1.00
      1.0630000              1.0000000
D   1   1.00
      0.3721000              1.0000000
D   1   1.00
      0.1178000              1.0000000
F   1   1.00
      1.0430000              1.0000000
****
Tc     0
S   1   1.00
      2.3420000              1.0000000
S   1   1.00
      1.6340000              1.0000000
S   1   1.00
      0.5094000              1.0000000
S   1   1.00
      0.1706000              1.0000000
S   1   1.00
      0.0435000              1.0000000
P   1   1.00
      5.2780000              1.0000000
P   1   1.00
      1.1560000              1.0000000
P   1   1.00
      0.4302000              1.0000000
P   1   1.00
      0.0895000              1.0000000
P   1   1.00
      0.0246000              1.0000000
D   1   1.00
      4.6320000              1.0000000
D   1   1.00
      1.2790000              1.0000000
D   1   1.00
      0.4425000              1.0000000
D   1   1.00
      0.1364000              1.0000000
F   1   1.00
      1.1340000              1.0000000
****
Ru     0
S   1   1.00
      2.5650000              1.0000000
S   1   1.00
      1.5080000              1.0000000
S   1   1.00
      0.5129000              1.0000000
S   1   1.00
      0.1362000              1.0000000
S   1   1.00
      0.0417000              1.0000000
P   1   1.00
      4.8590000              1.0000000
P   1   1.00
      1.2190000              1.0000000
P   1   1.00
      0.4413000              1.0000000
P   1   1.00
      0.0830000              1.0000000
P   1   1.00
      0.0250000              1.0000000
D   1   1.00
      4.1950000              1.0000000
D   1   1.00
      1.3770000              1.0000000
D   1   1.00
      0.4828000              1.0000000
D   1   1.00
      0.1501000              1.0000000
F   1   1.00
      1.2350000              1.0000000
****
Rh     0
S   1   1.00
      2.6460000              1.0000000
S   1   1.00
      1.7510000              1.0000000
S   1   1.00
      0.5713000              1.0000000
S   1   1.00
      0.1438000              1.0000000
S   1   1.00
      0.0428000              1.0000000
P   1   1.00
      5.4400000              1.0000000
P   1   1.00
      1.3290000              1.0000000
P   1   1.00
      0.4845000              1.0000000
P   1   1.00
      0.0869000              1.0000000
P   1   1.00
      0.0257000              1.0000000
D   1   1.00
      3.6690000              1.0000000
D   1   1.00
      1.4230000              1.0000000
D   1   1.00
      0.5091000              1.0000000
D   1   1.00
      0.1610000              1.0000000
F   1   1.00
      1.3500000              1.0000000
****
Pd     0
S   1   1.00
      2.7870000              1.0000000
S   1   1.00
      1.9650000              1.0000000
S   1   1.00
      0.6243000              1.0000000
S   1   1.00
      0.1496000              1.0000000
S   1   1.00
      0.0436000              1.0000000
P   1   1.00
      5.9990000              1.0000000
P   1   1.00
      1.4430000              1.0000000
P   1   1.00
      0.5264000              1.0000000
P   1   1.00
      0.0899000              1.0000000
P   1   1.00
      0.0262000              1.0000000
D   1   1.00
      6.0910000              1.0000000
D   1   1.00
      1.7190000              1.0000000
D   1   1.00
      0.6056000              1.0000000
D   1   1.00
      0.1883000              1.0000000
F   1   1.00
      1.4720000              1.0000000
****
Ag     0
S   1   1.00
      2.9500000              1.0000000
S   1   1.00
      2.1490000              1.0000000
S   1   1.00
      0.6684000              1.0000000
S   1   1.00
      0.0997000              1.0000000
S   1   1.00
      0.0347000              1.0000000
P   1   1.00
      6.5530000              1.0000000
P   1   1.00
      1.5650000              1.0000000
P   1   1.00
      0.5748000              1.0000000
P   1   1.00
      0.0833000              1.0000000
P   1   1.00
      0.0252000              1.0000000
D   1   1.00
      3.3910000              1.0000000
D   1   1.00
      1.5990000              1.0000000
D   1   1.00
      0.6282000              1.0000000
D   1   1.00
      0.2108000              1.0000000
F   1   1.00
      1.6110000              1.0000000
****
La     0
S   1   1.00
      0.9167000              1.0000000
S   1   1.00
      0.7427000              1.0000000
S   1   1.00
      0.2237000              1.0000000
S   1   1.00
      0.0792000              1.0000000
S   1   1.00
      0.0239000              1.0000000
P   1   1.00
      1.5540000              1.0000000
P   1   1.00
      0.5622000              1.0000000
P   1   1.00
      0.2125000              1.0000000
P   1   1.00
      0.0483000              1.0000000
P   1   1.00
      0.0179000              1.0000000
D   1   1.00
      0.4524000              1.0000000
D   1   1.00
      0.1602000              1.0000000
D   1   1.00
      0.0531000              1.0000000
F   1   1.00
      0.5910000              1.0000000
****
Hf     0
S   1   1.00
      1.9500000              1.0000000
S   1   1.00
      1.1830000              1.0000000
S   1   1.00
      0.3897000              1.0000000
S   1   1.00
      0.1656000              1.0000000
S   1   1.00
      0.0424000              1.0000000
P   1   1.00
      1.9720000              1.0000000
P   1   1.00
      1.3540000              1.0000000
P   1   1.00
      0.3427000              1.0000000
P   1   1.00
      0.0804000              1.0000000
P   1   1.00
      0.0274000              1.0000000
D   1   1.00
      0.8226000              1.0000000
D   1   1.00
      0.2585000              1.0000000
D   1   1.00
      0.0762000              1.0000000
F   1   1.00
      0.7840000              1.0000000
****
Ta     0
S   1   1.00
      2.0440000              1.0000000
S   1   1.00
      1.2670000              1.0000000
S   1   1.00
      0.4157000              1.0000000
S   1   1.00
      0.1671000              1.0000000
S   1   1.00
      0.0482000              1.0000000
P   1   1.00
      2.5650000              1.0000000
P   1   1.00
      1.2290000              1.0000000
P   1   1.00
      0.4244000              1.0000000
P   1   1.00
      0.0840000              1.0000000
P   1   1.00
      0.0280000              1.0000000
D   1   1.00
      0.8948000              1.0000000
D   1   1.00
      0.2989000              1.0000000
D   1   1.00
      0.0935000              1.0000000
F   1   1.00
      0.7900000              1.0000000
****
W     0
S   1   1.00
      2.1370000              1.0000000
S   1   1.00
      1.3470000              1.0000000
S   1   1.00
      0.4366000              1.0000000
S   1   1.00
      0.1883000              1.0000000
S   1   1.00
      0.0518000              1.0000000
P   1   1.00
      3.0050000              1.0000000
P   1   1.00
      1.2280000              1.0000000
P   1   1.00
      0.4010000              1.0000000
P   1   1.00
      0.0900000              1.0000000
P   1   1.00
      0.0280000              1.0000000
D   1   1.00
      0.9519000              1.0000000
D   1   1.00
      0.3270000              1.0000000
D   1   1.00
      0.1054000              1.0000000
F   1   1.00
      0.8230000              1.0000000
****
Re     0
S   1   1.00
      2.1850000              1.0000000
S   1   1.00
      1.4510000              1.0000000
S   1   1.00
      0.4585000              1.0000000
S   1   1.00
      0.2314000              1.0000000
S   1   1.00
      0.0566000              1.0000000
P   1   1.00
      3.3580000              1.0000000
P   1   1.00
      1.2710000              1.0000000
P   1   1.00
      0.4644000              1.0000000
P   1   1.00
      0.0890000              1.0000000
P   1   1.00
      0.0280000              1.0000000
D   1   1.00
      1.1160000              1.0000000
D   1   1.00
      0.4267000              1.0000000
D   1   1.00
      0.1378000              1.0000000
F   1   1.00
      0.8690000              1.0000000
****
Os     0
S   1   1.00
      2.2220000              1.0000000
S   1   1.00
      1.4960000              1.0000000
S   1   1.00
      0.4774000              1.0000000
S   1   1.00
      0.2437000              1.0000000
S   1   1.00
      0.0583000              1.0000000
P   1   1.00
      2.5180000              1.0000000
P   1   1.00
      1.4600000              1.0000000
P   1   1.00
      0.4923000              1.0000000
P   1   1.00
      0.0980000              1.0000000
P   1   1.00
      0.0290000              1.0000000
D   1   1.00
      1.1830000              1.0000000
D   1   1.00
      0.4492000              1.0000000
D   1   1.00
      0.1463000              1.0000000
F   1   1.00
      0.8860000              1.0000000
****
Ir     0
S   1   1.00
      2.3500000              1.0000000
S   1   1.00
      1.5820000              1.0000000
S   1   1.00
      0.5018000              1.0000000
S   1   1.00
      0.2500000              1.0000000
S   1   1.00
      0.0598000              1.0000000
P   1   1.00
      2.7920000              1.0000000
P   1   1.00
      1.5410000              1.0000000
P   1   1.00
      0.5100000              1.0000000
P   1   1.00
      0.0980000              1.0000000
P   1   1.00
      0.0290000              1.0000000
D   1   1.00
      1.2400000              1.0000000
D   1   1.00
      0.4647000              1.0000000
D   1   1.00
      0.1529000              1.0000000
F   1   1.00
      0.9380000              1.0000000
****
Pt     0
S   1   1.00
      2.5470000              1.0000000
S   1   1.00
      1.6140000              1.0000000
S   1   1.00
      0.5167000              1.0000000
S   1   1.00
      0.2651000              1.0000000
S   1   1.00
      0.0580000              1.0000000
P   1   1.00
      2.9110000              1.0000000
P   1   1.00
      1.8360000              1.0000000
P   1   1.00
      0.5982000              1.0000000
P   1   1.00
      0.0996000              1.0000000
P   1   1.00
      0.0290000              1.0000000
D   1   1.00
      1.2430000              1.0000000
D   1   1.00
      0.4271000              1.0000000
D   1   1.00
      0.1370000              1.0000000
F   1   1.00
      0.9930000              1.0000000
****
Au     0
S   1   1.00
      2.8090000              1.0000000
S   1   1.00
      1.5950000              1.0000000
S   1   1.00
      0.5327000              1.0000000
S   1   1.00
      0.2826000              1.0000000
S   1   1.00
      0.0598000              1.0000000
P   1   1.00
      3.6840000              1.0000000
P   1   1.00
      1.6660000              1.0000000
P   1   1.00
      0.5989000              1.0000000
P   1   1.00
      0.0977000              1.0000000
P   1   1.00
      0.0279000              1.0000000
D   1   1.00
      1.2870000              1.0000000
D   1   1.00
      0.4335000              1.0000000
D   1   1.00
      0.1396000              1.0000000
F   1   1.00
      1.0500000              1.0000000
****

SC     0
SC-ECP     2     10
d potential
  3
1    237.3166528            -10.0000000
2     42.6489004            -48.9695553
2     10.6211229             -8.7066044
s-d potential
  5
0     69.2552324              3.0000000
1     58.8953416             17.0584559
2     27.2637459            167.9595412
2      5.4737304            179.8382113
2      5.1523607           -121.1523144
p-d potential
  6
0     77.2512970              5.0000000
1     44.4527155              6.1088195
2     53.6854752            192.9384914
2     18.9421170            127.2274755
2      4.7970573             68.0945974
2      4.4142925            -41.6469108
TI     0
TI-ECP     2     10
d potential
  3
1    265.3263909            -10.0000000
2     47.7687815            -51.8427816
2     11.8903334             -9.1429145
s-d potential
  5
0     81.4730696              3.0000000
1     72.6496724             19.4825579
2     31.8128213            207.3349279
2      6.1664468            235.6744501
2      5.8268347           -166.8784387
p-d potential
  5
0     50.2966943              5.0000000
1     63.5089754              5.5348822
2     26.0996084            177.8419384
2      5.6022573            107.4207153
2      5.2171069            -71.9065902
V     0
V-ECP     2     10
d potential
  3
1    296.4487582            -10.0000000
2     53.5015052            -54.8909808
2     13.3204510             -9.7010586
s-d potential
  5
0     93.2193654              3.0000000
1     71.1029567             22.5345689
2     33.8766993            216.5634009
2      6.8691200            252.6822538
2      6.4804722           -176.2671654
p-d potential
  5
0     52.0953977              5.0000000
1     65.6778411              5.7003555
2     27.4703764            182.9054274
2      6.2352020            117.2756226
2      5.8139909            -78.5829134
CR     0
CR-ECP     2     10
d potential
  3
1    329.2720539            -10.0000000
2     59.5487597            -57.9409398
2     14.8265966            -10.2623285
s-d potential
  5
0    100.0260653              3.0000000
1     67.8468124             25.2534599
2     34.6771006            210.6472366
2      7.6757005            235.2819587
2      7.2077427           -152.5343461
p-d potential
  5
0     47.9723321              5.0000000
1     59.6224873              5.6390266
2     26.0432600            164.8362198
2      6.5582692            106.0168018
2      6.1268236            -69.8585468
MN     0
MN-ECP     2     10
d potential
  3
1    357.3914469            -10.0000000
2     64.6477389            -60.2990287
2     16.0960833            -10.4217834
s-d potential
  5
0    107.4127215              3.0000000
1    111.4958973             16.2591819
2     46.5568346            276.9373928
2      8.3688135            241.3174342
2      7.7237489           -146.4635329
p-d potential
  5
0     80.0415103              5.0000000
1    105.6043646              5.7589756
2     40.8300466            285.2918654
2      8.0098457            143.4222647
2      7.3390928            -88.7031851
FE     0
FE-ECP     2     10
d potential
  3
1    392.6149787            -10.0000000
2     71.1756979            -63.2667518
2     17.7320281            -10.9613338
s-d potential
  5
0    126.0571895              3.0000000
1    138.1264251             18.1729137
2     54.2098858            339.1231164
2      9.2837966            317.1068012
2      8.6289082           -207.3421649
p-d potential
  5
0     83.1759490              5.0000000
1    106.0559938              5.9535930
2     42.8284937            294.2665527
2      8.7701805            154.4244635
2      8.0397818            -95.3164249
CO     0
CO-ECP     2     10
d potential
  3
1    434.1076104            -10.0000000
2     78.8402758            -66.7240276
2     19.6037749            -11.7192243
s-d potential
  4
0    151.2307582              3.0000000
1    169.6790026             20.1553110
2     64.9909423            413.3762244
2     12.5076287            133.8727705
p-d potential
  4
0     92.7319924              5.0000000
1    121.1910183              6.1892353
2     48.6265909            326.3215919
2     11.9966971             73.8788970
NI     0
NI-ECP     2     10
d potential
  3
1    469.9324331            -10.0000000
2     85.4236411            -69.4084805
2     21.2674984            -12.0951020
s-d potential
  4
0    162.1686097              3.0000000
1    176.5333232             22.0253618
2     68.9562010            443.0181088
2     13.5792838            145.5696411
p-d potential
  4
0     69.0181506              5.0000000
1    275.5955596              4.9882824
2     47.1315453            256.6945853
2     12.9874075             78.4754450
CU     0
CU-ECP     2     10
d potential
  3
1    511.9951763            -10.0000000
2     93.2801074            -72.5548282
2     23.2206669            -12.7450231
s-d potential
  4
0    173.1180854              3.0000000
1    185.2419886             23.8351825
2     73.1517847            473.8930488
2     14.6884157            157.6345823
p-d potential
  4
0    100.7191369              5.0000000
1    130.8345665              6.4990936
2     53.8683720            351.4605395
2     14.0989469             85.5016036
Y     0
Y-ECP     3     28
f potential
  5
0    578.4310349             -0.0404817
1    152.7792004            -20.6194344
2     44.9301524           -116.7522279
2     11.4587918            -43.7975806
2      3.7523267             -5.4247609
s-f potential
  4
0     59.4715114              2.9801339
1     17.2173553             34.7834676
2     18.4797093             28.8453246
2      4.3276192             64.7642088
p-f potential
  4
0     45.7271005              4.9885783
1     49.4595886             19.6506564
2     18.9952373            194.0943181
2      3.6603193             43.1349769
d-f potential
  5
0     62.8268435              3.0066647
1     31.8897904             25.9879250
2     18.3646572             85.7172897
2      7.3062400             48.7792568
2      2.4051635             11.4535104
ZR     0
ZR-ECP     3     28
f potential
  5
0    645.9321873             -0.0425843
1    134.7547401            -20.2222409
2     42.3074619           -101.8695172
2     12.0003227            -41.6195784
2      4.1260454             -4.6986160
s-f potential
  3
0    117.6251862              2.7910559
1     22.9646089             41.9489459
2      4.5225298             67.7271866
p-f potential
  4
0     47.1953145              4.9911144
1     48.0356033             20.7193172
2     19.4541456            195.5867758
2      4.0512875             48.2877176
d-f potential
  5
0     79.9073983              3.0049226
1     45.8263798             25.9377989
2     26.9903522            125.1244934
2      9.6835718             70.7634022
2      2.7995666             15.0492822
NB     0
NB-ECP     3     28
f potential
  5
0    342.9638405             -0.0447401
1    139.9308014            -20.0535100
2     43.3523405           -103.7244021
2     12.4448533            -41.0459165
2      4.3204837             -4.2046219
s-f potential
  3
0    112.8630617              2.7964669
1     22.9678676             42.8845786
2      4.9340673             75.1876966
p-f potential
  4
0     63.6801963              4.9461846
1     23.0912429             24.8316376
2     24.4283647            137.9183292
2      4.2310090             50.9778471
d-f potential
  5
0     99.3359636              3.0064059
1     64.0586472             25.5347458
2     37.0891011            178.9597452
2     12.0708574             92.9577490
2      3.1575323             18.4744256
MO     0
MO-ECP     3     28
f potential
  5
0    537.9667807             -0.0469492
1    147.8982938            -20.2080084
2     45.7358898           -106.2116302
2     13.2911467            -41.8107368
2      4.7059961             -4.2054103
s-f potential
  3
0    110.2991760              2.8063717
1     23.2014645             44.5162012
2      5.3530131             82.7785227
p-f potential
  4
0     63.2901397              4.9420876
1     23.3315302             25.8604976
2     24.6759423            132.4708742
2      4.6493040             57.3149794
d-f potential
  5
0    104.4839977              3.0054591
1     66.2307245             26.3637851
2     39.1283176            183.3849199
2     13.1164437             98.4453068
2      3.6280263             22.4901377
TC     0
TC-ECP     3     28
f potential
  5
0    501.1199409             -0.0492115
1    150.2468844            -20.1467308
2     46.7097914           -105.5792880
2     13.9339014            -41.5901197
2      4.9854069             -3.9415111
s-f potential
  3
0    108.1775995              2.8222374
1     23.6594351             46.7330708
2      5.7814977             90.5318657
p-f potential
  4
0     63.3062014              4.9390782
1     23.6935532             26.9229631
2     25.0525854            128.5079796
2      5.0717084             63.7490250
d-f potential
  5
0    102.7721397              2.9921902
1     45.6713756             28.1821379
2     48.2611997             89.0548465
2     15.7089115            121.1894325
2      3.9484576             25.5866973
RU     0
RU-ECP     3     28
f potential
  5
0    554.3796303             -0.0515270
1    155.1066871            -20.1816536
2     48.4976263           -105.9966915
2     14.7701594            -42.2166788
2      5.2077363             -3.7675024
s-f potential
  5
0     66.7118060              2.9578344
1     77.3503632             25.3748707
2     18.3571445            536.1262372
2     11.8404727           -651.2057221
2      8.1179479            381.3816943
p-f potential
  5
0     54.9937915              4.9651557
1     13.9399212             23.8861501
2     15.2118246            464.4631344
2     10.5460691           -714.4451788
2      7.5539486            377.5503594
d-f potential
  4
0     60.3444595              3.0352988
1     45.2100305             23.2901723
2     19.1190074            146.0926620
2      4.2712090             28.9129770
RH     0
RH-ECP     3     28
f potential
  5
0    600.3243032             -0.0538958
1    157.6910176            -20.1316282
2     49.8841995           -105.3654121
2     15.5966895            -42.3274370
2      5.5099296             -3.6654043
s-f potential
  5
0     59.3442526              2.9753728
1     83.7426061             25.1230306
2     18.4530248            626.0926145
2     12.4194606           -812.2549385
2      8.8172913            467.3729340
p-f potential
  5
0     53.4309068              4.9537213
1     65.6671843             20.4871116
2     16.8369862            598.0120139
2     11.3042136           -718.4059028
2      8.0312444            382.8173151
d-f potential
  4
0     64.3993653              3.0279532
1     43.4625053             24.7526516
2     19.4020301            142.6844289
2      4.6879328             32.1406857
PD     0
PD-ECP     3     28
f potential
  5
0    598.3336444             -0.0563177
1    162.4298290            -20.1288036
2     51.5714771           -105.8197923
2     16.4888260            -42.5733345
2      5.8287656             -3.6165086
s-f potential
  5
0     73.3806304              3.0003651
1     14.7550438             32.4350093
2     17.8350204            459.0830383
2     12.7111477           -868.0629029
2      9.3292063            514.4726098
p-f potential
  5
0     55.6689877              4.9593099
1     64.2337771             21.1711029
2     17.6254952            605.0560092
2     11.9058155           -726.9641846
2      8.5100832            396.3274883
d-f potential
  5
0     49.9994728              3.0508745
1     39.7477547             22.2506580
2     11.4321366            674.8357698
2      9.1790080          -1040.8554048
2      7.5624429            505.9375147
AG     0
AG-ECP     3     28
f potential
  5
0    568.7006237             -0.0587930
1    162.3579066            -20.1145146
2     51.1025755           -104.2733114
2     16.9205822            -40.4539787
2      6.1669596             -3.4420009
s-f potential
  5
0     76.0974658              2.9861527
1     15.3327359             35.1576460
2     18.7715345            450.1809906
2     13.3663294           -866.0248308
2      9.8236948            523.1110176
p-f potential
  5
0     56.3318043              4.9640671
1     69.0609098             21.5028219
2     19.2717998            546.0275453
2     12.5770654           -600.3822556
2      8.7956670            348.2949289
d-f potential
  5
0     53.4641078              3.0467486
1     40.1975457             23.3656705
2     11.9086073            777.2540117
2      9.7528183          -1238.8602423
2      8.1788997            608.0677121
LA     0
LA-ECP     3     46
f potential
  6
0    740.9166034             -0.0864727
1    146.6571499            -33.5168803
2     42.3585413           -189.0709829
2     11.1647500            -54.2464367
2      3.7556343            -17.1351342
2      1.2871827             -1.8092185
s-f potential
  4
0    125.6862665              2.8894943
1     37.5768955             61.9521592
2     12.6954869            164.8074490
2      2.6276082             55.6954609
p-f potential
  4
0    179.1782247              4.5978412
1     42.6195661             71.6719736
2     13.4135957            175.8965896
2      2.0950392             37.9136404
d-f potential
  5
0    104.7682064              2.9705496
1     40.1930340             46.5239946
2     18.5050798            137.4078176
2      5.8051185             63.4945183
2      1.4583220             18.0998654
HF     0
HF-ECP     4     60
g potential
  6
1    685.5502931            -60.0000000
2    151.8080485           -588.4980664
2     38.0522099           -199.7748820
2     10.2057544            -77.2365121
2      3.4376287            -14.6532596
2      0.8997539             -0.6762204
s-g potential
  7
0    380.1096725              3.0000000
1    724.6234505             31.3395532
2    281.4764603           1251.6866138
2     89.3590988            700.8900106
2     22.9765773            266.0445845
2      3.6700035            465.0196155
2      3.4703000           -369.5404568
p-g potential
  5
0    228.3135771              2.0000000
1     64.0878447             60.2776972
2     20.5139289            192.2174983
2      3.1643736            339.6460089
2      2.9880924           -266.1066543
d-g potential
  5
0    143.7102399              3.0000000
1     63.1859170             54.6576760
2     32.0227449            217.5811427
2     10.7674922            125.1363084
2      3.1003260             37.6203195
f-g potential
  5
0     85.0395853              4.0000000
1     41.8198820             49.6358393
2     19.6524967            178.4657222
2      6.0777120             82.0077173
2      1.4776693              6.3063943
TA     0
TA-ECP     4     60
g potential
  6
1    768.2267533            -60.0000000
2    173.5940218           -629.7129313
2     43.7042268           -221.1750503
2     11.6181319            -83.4769683
2      4.0314618            -17.8370275
2      1.0905378             -0.8160609
s-g potential
  7
0    365.4111559              3.0000000
1    697.1300915             33.9798985
2    271.7810379           1242.5776244
2     87.3074263            706.1663884
2     22.7492339            276.2464563
2      3.8680082            513.2283132
2      3.6718891           -412.9601916
p-g potential
  5
0    228.2107367              2.0000000
1     62.6185462             61.8174163
2     19.6465670            194.4975479
2      3.3651559            307.8346671
2      3.1497236           -230.6346381
d-g potential
  5
0    151.2755554              3.0000000
1     67.9794911             55.2670978
2     34.7474706            236.2957545
2     11.5656425            134.4755072
2      3.2930148             41.1401183
f-g potential
  5
0     82.8368029              4.0000000
1     38.0719872             50.7533760
2     17.4547034            162.0312877
2      5.6785931             72.0619298
2      1.5814041              6.0009895
W     0
W-ECP     4     60
g potential
  6
1    839.4489120            -60.0000000
2    192.8532482           -664.1987920
2     48.6651974           -238.6143651
2     12.9221727            -88.4192407
2      4.5748890            -20.6062326
2      1.2681796             -0.9283792
s-g potential
  7
0    313.4267518              3.0000000
1    699.3155462             39.1192967
2    259.8923741           1180.9692974
2     85.4999980            728.9564210
2     22.7635925            293.5591140
2      4.0764317            562.6731493
2      3.8827162           -457.3807185
p-g potential
  5
0    224.3926424              2.0000000
1     61.6736931             63.8948393
2     19.1469043            205.8901837
2      3.5565710            312.1427153
2      3.3263210           -231.3961281
d-g potential
  5
0    161.5278958              3.0000000
1     75.5814607             55.3315256
2     38.9115852            267.1976653
2     12.5426271            146.8485578
2      3.4615187             44.1055243
f-g potential
  5
0     91.2102727              4.0000000
1     45.4152756             50.3065523
2     22.0452967            190.7363098
2      6.9810413             91.7605552
2      1.8380480              8.4247312
RE     0
RE-ECP     4     60
g potential
  6
1   1833.8143836             -0.1497104
2    414.0589456          -1669.2555781
2     59.0349540           -346.6661129
2     11.9177094            -96.6684892
2      3.6531764            -11.0738567
2      1.2764184             -0.5798552
s-g potential
  7
0    247.0023085              3.1497104
1    631.7195767             45.2969969
2    249.2800441           1116.4279585
2     84.2947315            793.6419065
2     23.0407912            318.2099193
2      4.2997111            586.3105025
2      4.0974390           -475.6904164
p-g potential
  5
0    193.6897726              2.1497104
1     56.9308394             64.2295736
2     18.7227602            218.8504607
2      3.7340020            344.4189168
2      3.5127483           -260.4727267
d-g potential
  5
0    126.2340824              3.1497104
1     80.7090826             46.5714868
2     42.5529714            304.3834595
2     13.4074494            157.1589652
2      3.6904228             48.5701211
f-g potential
  5
0    112.7786459              3.9569610
1     56.7815968             52.3586781
2     28.5831966            236.0340824
2      8.5734158            116.5787266
2      2.0892721             11.1050530
OS     0
OS-ECP     4     60
g potential
  5
1    848.8743292             -0.1537293
2    400.4640004          -1642.9695542
2     58.0359466           -336.7954567
2     12.0454682            -94.9839027
2      3.4442512            -10.3516218
s-g potential
  6
0    216.2672249              3.1537293
1    343.8582098             25.9948233
2    136.0523606            859.4865756
2     35.0389457            380.1376504
2      4.4724452            242.7010666
2      3.7675119           -125.1753107
p-g potential
  5
0    326.0600134              2.1537293
1     95.6330206             62.8684275
2     32.5261043            293.1322987
2      3.7699730            264.4648388
2      3.3895859           -172.6420314
d-g potential
  5
0    131.0319929              3.1537293
1     89.2464903             45.3399200
2     46.3976980            335.8575032
2     14.1866053            166.3037457
2      3.7668843             49.0237825
f-g potential
  5
0    134.7368148              3.9557982
1     73.8771318             51.9521957
2     38.1030425            314.2555866
2     10.5337695            147.1839894
2      2.3338246             13.9622947
IR     0
IR-ECP     4     60
g potential
  5
1    823.5880147             -0.1578014
2    364.6613336          -1517.5270446
2     55.7082801           -316.5306529
2     12.0464544            -91.8880941
2      3.5120610             -9.2241773
s-g potential
  6
0    188.0490770              3.1578014
1    340.4194712             26.8322577
2    128.2373673            800.4250007
2     33.8644961            369.4050683
2      4.7560005            242.4171899
2      3.9649974           -118.2173282
p-g potential
  5
0    289.7291139              2.1578014
1     87.4633789             61.9678610
2     30.4363766            269.0581986
2      4.0553412            231.1654793
2      3.5525341           -133.6952667
d-g potential
  5
0    136.4017106              3.1578014
1     95.0776925             45.9349803
2     49.2258410            359.0344668
2     15.0874145            176.4740119
2      4.0405764             54.5155286
f-g potential
  5
0    127.3507908              3.9546197
1     66.2364374             52.9773655
2     34.4299229            274.8643383
2     10.1995721            137.2047338
2      2.5409702             14.8633305
PT     0
PT-ECP     4     60
g potential
  5
1    728.9394056             -0.1619268
2    320.6567800          -1320.2873852
2     52.8680174           -298.3178135
2     12.0280128            -87.5837065
2      3.5238913             -8.1493274
s-g potential
  6
0    409.4437358              2.7334218
1    274.5419231             59.7024329
2    127.5658570            891.4589550
2     32.9036631            368.4467656
2      5.0593880            238.0263090
2      4.1506556           -107.0556454
p-g potential
  4
0    466.1728892              1.8878568
1    120.7888259             76.0138629
2     36.4118791            343.5511116
2      5.6985408            119.4911786
d-g potential
  5
0    249.5650763              2.9343678
1    126.6678585             59.3306571
2     63.1430586            452.4445194
2     17.9059470            210.4769479
2      4.2239373             58.6254112
f-g potential
  5
0    121.8158799              3.9534253
1     60.8757030             53.8555182
2     31.4767147            247.4305133
2      9.8811751            127.8187976
2      2.7319874             15.3772046
AU     0
AU-ECP     4     60
g potential
  5
1    622.6287956            -60.0000000
2    136.2843607           -555.5292312
2     33.1549781           -168.0019785
2      9.9894895            -63.0399875
2      3.0481312             -4.2516681
s-g potential
  6
0    194.7374304              3.0000000
1    351.5327447             38.6020880
2    122.3270402            864.8370727
2     32.0914617            374.9935520
2      5.2451812            289.7910100
2      4.4916223           -152.4532773
p-g potential
  4
0    420.6158801              2.0000000
1    109.4417815             73.8885625
2     34.1714280            326.6729872
2      5.9879750            126.5814591
d-g potential
  5
0    219.2666158              3.0000000
1    122.7297786             55.6793149
2     63.1063369            449.1987335
2     18.3684520            215.0269091
2      4.4972844             64.0840995
f-g potential
  5
0    108.5506037              4.0000000
1     56.4795527             51.8065335
2     29.2069159            231.2183113
2      9.5440543            119.0047386
2      2.8965118             15.3424188
