spherical

!----------------------------------------------------------------------
! Basis Set Exchange
! Version 2.1.2+1869.g5f3148a9.dirty
! https://www.basissetexchange.org
!----------------------------------------------------------------------
!   Basis set: pV7Z
! Description: pV7Z
!        Role: orbital
!     Version: 0  (Data from the original Basis Set Exchange)
!----------------------------------------------------------------------


****
H     0
S   14   1.00
   2762.5161400              0.0000220
   1211.8584400              0.0000060
    531.6171200              0.0000944
    233.2093860              0.0001794
    102.3041130              0.0005845
     44.8786889              0.0015591
     19.6873484              0.0043883
      8.63643073             0.0120863
      3.78862274             0.0325303
      1.66199008             0.0840580
      0.72908052             0.1934247
      0.31983248             0.3510641
      0.14030386             0.3587822
      0.06154839             0.1060899
S   1   1.00
      3.78862274             1.0000000
S   1   1.00
      1.66199008             1.0000000
S   1   1.00
      0.72908052             1.0000000
S   1   1.00
      0.31983248             1.0000000
S   1   1.00
      0.14030386             1.0000000
S   1   1.00
      0.06154839             1.0000000
P   1   1.00
      8.1536480              1.0000000
P   1   1.00
      3.8622750              1.0000000
P   1   1.00
      1.8295080              1.0000000
P   1   1.00
      0.8666140              1.0000000
P   1   1.00
      0.4105030              1.0000000
P   1   1.00
      0.1944500              1.0000000
D   1   1.00
      6.0348330              1.0000000
D   1   1.00
      3.0569580              1.0000000
D   1   1.00
      1.5485090              1.0000000
D   1   1.00
      0.7844010              1.0000000
D   1   1.00
      0.3973400              1.0000000
F   1   1.00
      5.8947400              1.0000000
F   1   1.00
      2.9029400              1.0000000
F   1   1.00
      1.4295900              1.0000000
F   1   1.00
      0.7040200              1.0000000
G   1   1.00
      4.6226740              1.0000000
G   1   1.00
      2.1711260              1.0000000
G   1   1.00
      1.0197100              1.0000000
H   1   1.00
      4.2237060              1.0000000
H   1   1.00
      1.7050600              1.0000000
I   1   1.00
      3.4140000              1.0000000
****
C     0
S   18   1.00
 949028.8000000              0.0000014
 142083.0000000              0.0000110
  32332.4700000              0.0000578
   9158.1170000              0.0002444
   2987.9090000              0.0008910
   1078.7880000              0.0029040
    420.8308000              0.0086310
    174.6003000              0.0235290
     76.1829200              0.0581610
     34.6358800              0.1266240
     16.2707600              0.2304650
      7.8554790              0.3192970
      3.8821720              0.2742950
      1.9283340              0.1022520
      0.8358060              0.0078620
      0.3862910              0.0000068
      0.1768600              0.0003690
      0.0802520             -0.0000124
S   18   1.00
 949028.8000000             -0.0000003
 142083.0000000             -0.0000023
  32332.4700000             -0.0000123
   9158.1170000             -0.0000520
   2987.9090000             -0.0001900
   1078.7880000             -0.0006200
    420.8308000             -0.0018550
    174.6003000             -0.0050920
     76.1829200             -0.0129160
     34.6358800             -0.0292300
     16.2707600             -0.0584140
      7.8554790             -0.0966550
      3.8821720             -0.1260640
      1.9283340             -0.0617220
      0.8358060              0.1888280
      0.3862910              0.4461160
      0.1768600              0.4113350
      0.0802520              0.1065520
S   1   1.00
      3.8821720              1.0000000
S   1   1.00
      1.9283340              1.0000000
S   1   1.00
      0.8358060              1.0000000
S   1   1.00
      0.3862910              1.0000000
S   1   1.00
      0.1768600              1.0000000
S   1   1.00
      0.0802520              1.0000000
P   12   1.00
    765.4553000              0.0000272
    180.8628000              0.0002410
     58.7144100              0.0013570
     22.4162500              0.0056200
      9.4062140              0.0182670
      4.1871980              0.0500190
      1.9558760              0.1164080
      0.9453360              0.2144660
      0.4627630              0.3011680
      0.2267960              0.3080450
      0.1105920              0.1884750
      0.0524000              0.0396220
P   1   1.00
      1.9558760              1.0000000
P   1   1.00
      0.9453360              1.0000000
P   1   1.00
      0.4627630              1.0000000
P   1   1.00
      0.2267960              1.0000000
P   1   1.00
      0.1105920              1.0000000
P   1   1.00
      0.0524000              1.0000000
D   1   1.00
      8.0028000              1.0000000
D   1   1.00
      3.6663000              1.0000000
D   1   1.00
      1.6796000              1.0000000
D   1   1.00
      0.7695000              1.0000000
D   1   1.00
      0.3525000              1.0000000
D   1   1.00
      0.1615000              1.0000000
F   1   1.00
      3.5134000              1.0000000
F   1   1.00
      1.8214000              1.0000000
F   1   1.00
      0.9443000              1.0000000
F   1   1.00
      0.4896000              1.0000000
F   1   1.00
      0.2538000              1.0000000
G   1   1.00
      3.0363000              1.0000000
G   1   1.00
      1.6713000              1.0000000
G   1   1.00
      0.9200000              1.0000000
G   1   1.00
      0.5064000              1.0000000
H   1   1.00
      1.8273000              1.0000000
H   1   1.00
      0.8999000              1.0000000
H   1   1.00
      0.4432000              1.0000000
I   1   1.00
      3.2802000              1.0000000
I   1   1.00
      0.6777000              1.0000000
J   1   1.00
      1.9560000              1.0000000
****
N     0
S   18   1.00
1296296.0000000              0.0000014
 194068.6000000              0.0000110
  44160.5700000              0.0000580
  12507.7200000              0.0002450
   4080.4760000              0.0008930
   1473.1400000              0.0029130
    574.6066000              0.0086640
    238.3700000              0.0236350
    103.9936000              0.0585180
     47.2794400              0.1277287
     22.2187100              0.2328737
     10.7356900              0.3211170
      5.3088560              0.2713167
      2.6391770              0.0985308
      1.1657640              0.0078886
      0.5370910              0.0003125
      0.2449040              0.0003640
      0.1102710              0.0000727
S   18   1.00
1296296.0000000             -0.00000031
 194068.6000000             -0.00000243
  44160.5700000             -0.00001279
  12507.7200000             -0.00005399
   4080.4760000             -0.00019730
   1473.1400000             -0.00064320
    574.6066000             -0.00192640
    238.3700000             -0.00529480
    103.9936000             -0.01345880
     47.2794400             -0.03061290
     22.2187100             -0.06151130
     10.7356900             -0.10200550
      5.3088560             -0.12950140
      2.6391770             -0.05370320
      1.1657640              0.20297650
      0.5370910              0.44857470
      0.2449040              0.40031386
      0.1102710              0.10245292
S   1   1.00
      5.3088560              1.0000000
S   1   1.00
      2.6391770              1.0000000
S   1   1.00
      1.1657640              1.0000000
S   1   1.00
      0.5370910              1.0000000
S   1   1.00
      0.2449040              1.0000000
S   1   1.00
      0.1102710              1.0000000
P   12   1.00
   1094.9600000              0.0000276
    258.6611000              0.0002450
     83.8525500              0.0013920
     31.9622500              0.0058590
     13.4112100              0.0194130
      5.9854710              0.0535998
      2.8036300              0.1231956
      1.3557360              0.2215690
      0.6623960              0.3024095
      0.3229120              0.3009864
      0.1559210              0.1817918
      0.0728200              0.0387420
P   1   1.00
      2.8036300              1.0000000
P   1   1.00
      1.3557360              1.0000000
P   1   1.00
      0.6623960              1.0000000
P   1   1.00
      0.3229120              1.0000000
P   1   1.00
      0.1559210              1.0000000
P   1   1.00
      0.0728200              1.0000000
D   1   1.00
      8.5914298              1.0000000
D   1   1.00
      4.0335351              1.0000000
D   1   1.00
      1.8936785              1.0000000
D   1   1.00
      0.8890509              1.0000000
D   1   1.00
      0.4173948              1.0000000
D   1   1.00
      0.1959600              1.0000000
F   1   1.00
      5.7389002              1.0000000
F   1   1.00
      2.7724156              1.0000000
F   1   1.00
      1.3393312              1.0000000
F   1   1.00
      0.6470199              1.0000000
F   1   1.00
      0.3125700              1.0000000
G   1   1.00
      5.5368024              1.0000000
G   1   1.00
      2.5872908              1.0000000
G   1   1.00
      1.2090144              1.0000000
G   1   1.00
      0.5649600              1.0000000
H   1   1.00
      4.2181288              1.0000000
H   1   1.00
      2.0871494              1.0000000
H   1   1.00
      1.0327300              1.0000000
I   1   1.00
      3.4500000              1.0000000
I   1   1.00
      1.5800000              1.0000000
J   1   1.00
      2.3790000              1.0000000
****
O     0
S   18   1.00
1678789.0000000              0.0000014
 251388.2000000              0.0000112
  57213.7300000              0.0000589
  16207.4400000              0.0002490
   5288.2760000              0.0009070
   1909.4780000              0.0029570
    744.9231000              0.0087910
    309.0755000              0.0239800
    134.8645000              0.0593810
     61.3312900              0.1296500
     28.8379600              0.2360640
     13.9450400              0.3229210
      6.8990770              0.2673950
      3.4315770              0.0938440
      1.5398400              0.0075330
      0.7097510              0.0006320
      0.3230470              0.0003560
      0.1442220              0.0000330
S   18   1.00
1678789.0000000             -0.0000003
 251388.2000000             -0.0000025
  57213.7300000             -0.0000134
  16207.4400000             -0.0000560
   5288.2760000             -0.0002060
   1909.4780000             -0.0006720
    744.9231000             -0.0020130
    309.0755000             -0.0055350
    134.8645000             -0.0140790
     61.3312900             -0.0321130
     28.8379600             -0.0646760
     13.9450400             -0.1071540
      6.8990770             -0.1324380
      3.4315770             -0.0456550
      1.5398400              0.2183840
      0.7097510              0.4533790
      0.3230470              0.3873530
      0.1442220              0.0958660
S   1   1.00
      6.8990770              1.0000000
S   1   1.00
      3.4315770              1.0000000
S   1   1.00
      1.5398400              1.0000000
S   1   1.00
      0.7097510              1.0000000
S   1   1.00
      0.3230470              1.0000000
S   1   1.00
      0.1442220              1.0000000
P   12   1.00
   1349.0590000              0.0000323
    319.4569000              0.0002860
    103.7804000              0.0016160
     39.6282100              0.0067850
     16.6613700              0.0224990
      7.4641660              0.0616740
      3.5093250              0.1368450
      1.6956800              0.2324860
      0.8227420              0.2998210
      0.3957330              0.2882440
      0.1876440              0.1745550
      0.0858410              0.0387270
P   1   1.00
      3.5093250              1.0000000
P   1   1.00
      1.6956800              1.0000000
P   1   1.00
      0.8227420              1.0000000
P   1   1.00
      0.3957330              1.0000000
P   1   1.00
      0.1876440              1.0000000
P   1   1.00
      0.0858410              1.0000000
D   1   1.00
     10.0642930              1.0000000
D   1   1.00
      4.8432594              1.0000000
D   1   1.00
      2.3307312              1.0000000
D   1   1.00
      1.1216223              1.0000000
D   1   1.00
      0.5397605              1.0000000
D   1   1.00
      0.2597500              1.0000000
F   1   1.00
      6.9117087              1.0000000
F   1   1.00
      3.4199449              1.0000000
F   1   1.00
      1.6922043              1.0000000
F   1   1.00
      0.8373104              1.0000000
F   1   1.00
      0.4143050              1.0000000
G   1   1.00
      7.2379949              1.0000000
G   1   1.00
      3.4157598              1.0000000
G   1   1.00
      1.6119678              1.0000000
G   1   1.00
      0.7607210              1.0000000
H   1   1.00
      5.7331092              1.0000000
H   1   1.00
      2.5824816              1.0000000
H   1   1.00
      1.1632800              1.0000000
I   1   1.00
      4.8130000              1.0000000
I   1   1.00
      2.0780000              1.0000000
J   1   1.00
      3.1230000              1.0000000
****
F     0
S   18   1.00
2115112.0000000              0.0000015
 316699.7000000              0.0000113
  72075.7100000              0.0000595
  20416.8300000              0.0002514
   6661.4580000              0.0009160
   2405.1880000              0.0029860
    938.2595000              0.0088819
    389.2710000              0.0242321
    169.8499000              0.0600301
     77.2436700              0.1311355
     36.3287400              0.2385632
     17.5738700              0.3243075
      8.6935300              0.2643763
      4.3217690              0.0902843
      1.9595200              0.0072583
      0.9031850              0.0008288
      0.4104050              0.0003496
      0.1820240              0.0000495
S   18   1.00
2115112.0000000             -0.00000034
 316699.7000000             -0.00000262
  72075.7100000             -0.00001378
  20416.8300000             -0.00005817
   6661.4580000             -0.00021242
   2405.1880000             -0.00069281
    938.2595000             -0.00207460
    389.2710000             -0.00570974
    169.8499000             -0.01453560
     77.2436700             -0.03323500
     36.3287400             -0.06706620
     17.5738700             -0.11098400
      8.6935300             -0.13414569
      4.3217690             -0.03874090
      1.9595200              0.22972655
      0.9031850              0.45572753
      0.4104050              0.37782222
      0.1820240              0.09134515
S   1   1.00
      8.6935300              1.0000000
S   1   1.00
      4.3217690              1.0000000
S   1   1.00
      1.9595200              1.0000000
S   1   1.00
      0.9031850              1.0000000
S   1   1.00
      0.4104050              1.0000000
S   1   1.00
      0.1820240              1.0000000
P   12   1.00
   1687.7180000              0.0000346
    399.6517000              0.0003058
    129.8267000              0.0017313
     49.5782600              0.0072975
     20.8619300              0.0243126
      9.3655640              0.0664341
      4.4099770              0.1445175
      2.1283760              0.2383867
      1.0282880              0.2985330
      0.4907570              0.2811414
      0.2300730              0.1699781
      0.1037660              0.0385819
P   1   1.00
      4.4099770              1.0000000
P   1   1.00
      2.1283760              1.0000000
P   1   1.00
      1.0282880              1.0000000
P   1   1.00
      0.4907570              1.0000000
P   1   1.00
      0.2300730              1.0000000
P   1   1.00
      0.1037660              1.0000000
D   1   1.00
     12.6344950              1.0000000
D   1   1.00
      6.1124792              1.0000000
D   1   1.00
      2.9571743              1.0000000
D   1   1.00
      1.4306600              1.0000000
D   1   1.00
      0.6921432              1.0000000
D   1   1.00
      0.3348540              1.0000000
F   1   1.00
     11.6443240              1.0000000
F   1   1.00
      5.5714469              1.0000000
F   1   1.00
      2.6657641              1.0000000
F   1   1.00
      1.2754852              1.0000000
F   1   1.00
      0.6102800              1.0000000
G   1   1.00
      8.2863953              1.0000000
G   1   1.00
      3.9105216              1.0000000
G   1   1.00
      1.8454562              1.0000000
G   1   1.00
      0.8709090              1.0000000
H   1   1.00
      7.7626969              1.0000000
H   1   1.00
      3.4810300              1.0000000
H   1   1.00
      1.5610000              1.0000000
I   1   1.00
      5.5300000              1.0000000
I   1   1.00
      2.1600000              1.0000000
J   1   1.00
      4.2560000              1.0000000
****
Ne     0
S   18   1.00
2636740.0000000              0.00000144
 394695.0000000              0.00001122
  89814.2000000              0.00005899
  25439.5000000              0.00024948
   8292.4800000              0.00091034
   2991.7700000              0.00297099
   1166.5800000              0.00883634
    483.9270000              0.02412806
    211.0490000              0.05988851
     95.9684000              0.13097415
     45.1784000              0.23835621
     21.8859000              0.32418282
     10.8323000              0.26452052
      5.3801400              0.09049215
      2.4363700              0.00744055
      1.1192500              0.00092098
      0.5066970              0.00036701
      0.2234500              0.00005493
S   18   1.00
2636740.0000000             -0.00000034
 394695.0000000             -0.00000263
  89814.2000000             -0.00001386
  25439.5000000             -0.00005857
   8292.4800000             -0.00021420
   2991.7700000             -0.00069920
   1166.5800000             -0.00209449
    483.9270000             -0.00576925
    211.0490000             -0.01472218
     95.9684000             -0.03372066
     45.1784000             -0.06818732
     21.8859000             -0.11289702
     10.8323000             -0.13557407
      5.3801400             -0.03559771
      2.4363700              0.23754291
      1.1192500              0.45834479
      0.5066970              0.37096215
      0.2234500              0.08766775
S   1   1.00
     10.8323000              1.0000000
S   1   1.00
      5.3801400              1.0000000
S   1   1.00
      2.4363700              1.0000000
S   1   1.00
      1.1192500              1.0000000
S   1   1.00
      0.5066970              1.0000000
S   1   1.00
      0.2234500              1.0000000
P   12   1.00
   2081.8400000              0.00003590
    494.1240000              0.00031653
    160.7080000              0.00179215
     61.4172000              0.00757934
     25.8676000              0.02539568
     11.6199000              0.06951943
      5.4635300              0.15008739
      2.6257400              0.24380085
      1.2610600              0.29919932
      0.5977780              0.27603799
      0.2781360              0.16464216
      0.1243620              0.03732871
P   1   1.00
      5.4635300              1.0000000
P   1   1.00
      2.6257400              1.0000000
P   1   1.00
      1.2610600              1.0000000
P   1   1.00
      0.5977780              1.0000000
P   1   1.00
      0.2781360              1.0000000
P   1   1.00
      0.1243620              1.0000000
D   1   1.00
     16.2700000              1.0000000
D   1   1.00
      7.8088200              1.0000000
D   1   1.00
      3.7478600              1.0000000
D   1   1.00
      1.7987900              1.0000000
D   1   1.00
      0.8633360              1.0000000
D   1   1.00
      0.4143600              1.0000000
F   1   1.00
     17.0078000              1.0000000
F   1   1.00
      7.9602800              1.0000000
F   1   1.00
      3.7256900              1.0000000
F   1   1.00
      1.7437600              1.0000000
F   1   1.00
      0.8161400              1.0000000
G   1   1.00
     10.1051000              1.0000000
G   1   1.00
      4.8284800              1.0000000
G   1   1.00
      2.3071800              1.0000000
G   1   1.00
      1.1024300              1.0000000
H   1   1.00
      9.8549000              1.0000000
H   1   1.00
      4.4595900              1.0000000
H   1   1.00
      2.0180800              1.0000000
I   1   1.00
      7.2823700              1.0000000
I   1   1.00
      2.9259400              1.0000000
J   1   1.00
      5.2560000              1.0000000
****
S     0
S   27   1.00
7010036.0000000              0.14393981D-5
3489316.1000000             -0.84034208D-6
1736842.2000000              0.48692049D-5
 864530.7300000              0.32375410D-5
 430328.8900000              0.16768271D-4
 214200.5400000              0.31007451D-4
 106620.4800000              0.82993952D-4
  53071.4180000              0.18998198D-3
  26416.8330000              0.46151388D-3
  13149.2450000              0.10945308D-2
   6545.1692000              0.26089891D-2
   3257.9239000              0.61757438D-2
   1621.6645000              0.14458895D-1
    807.1998400              0.33174850D-1
    401.7918600              0.72811640D-1
    199.9959500              0.147223973
     99.54999800             0.254144316
     49.55201500             0.324750529
     24.66501500             0.230874675
     12.27726000             0.059430194
      6.111129800            0.38523020D-2
      3.041876500            0.75199422D-3
      1.514124700            0.96173329D-4
      0.753670820           -0.48480439D-4
      0.375147250            0.59147870D-5
      0.186733320           -0.16352333D-4
      0.092948394            0.15469134D-5
S   27   1.00
7010036.0000000              0.39743053D-6
3489316.1000000             -0.23137995D-6
1736842.2000000              0.13427142D-5
 864530.7300000              0.89975164D-6
 430328.8900000              0.46194157D-5
 214200.5400000              0.85924467D-5
 106620.4800000              0.22872063D-4
  53071.4180000              0.52621485D-4
  26416.8330000              0.12734765D-3
  13149.2450000              0.30346017D-3
   6545.1692000              0.72242155D-3
   3257.9239000              0.17220247D-2
   1621.6645000              0.40541165D-2
    807.1998400              0.94756820D-2
    401.7918600              0.21425437D-1
    199.9959500              0.46194950D-1
     99.54999800             0.89914022D-1
     49.55201500             0.1463329579
     24.66501500             0.1490147799
     12.27726000            -0.0161861918
      6.111129800           -0.3446816404
      3.041876500           -0.5242182816
      1.514124700           -0.2389690362
      0.753670820           -0.0172975465
      0.375147250           -0.32975751D-2
      0.186733320            0.472993143D-3
      0.092948394           -0.33071840D-3
S   27   1.00
7010036.0000000             -0.11553338D-6
3489316.1000000              0.67978120D-7
1736842.2000000             -0.39224463D-6
 864530.7300000             -0.25512491D-6
 430328.8900000             -0.13547393D-5
 214200.5400000             -0.24646622D-5
 106620.4800000             -0.67031950D-5
  53071.4180000             -0.15143074D-4
  26416.8330000             -0.37253152D-4
  13149.2450000             -0.87520661D-4
   6545.1692000             -0.21103236D-3
   3257.9239000             -0.49767312D-3
   1621.6645000             -0.11840931D-2
    807.1998400             -0.27474376D-2
    401.7918600             -0.62804034D-2
    199.9959500             -0.13515810D-1
     99.54999800            -0.26818906D-1
     49.55201500            -0.44279856D-1
     24.66501500            -0.47655137D-1
     12.27726000             0.69191566D-2
      6.111129800            0.1275718473
      3.041876500            0.2882489253
      1.514124700            0.2327209700
      0.753670820           -0.1794604833
      0.375147250           -0.5183858403
      0.186733320           -0.4285380863
      0.092948394           -0.1254947129
S   1   1.00
      3.041876500            1.0000000
S   1   1.00
      1.514124700            1.0000000
S   1   1.00
      0.753670820            1.0000000
S   1   1.00
      0.375147250            1.0000000
S   1   1.00
      0.186733320            1.0000000
S   1   1.00
      0.092948394            1.0000000
P   18   1.00
   9780.0262000              0.14400789D-4
   4800.6372000              0.14765406D-4
   2356.4475000              0.10011551D-3
   1156.6891000              0.29000274D-3
    567.7740000              0.10415811D-2
    278.6983300              0.34037782D-2
    136.8022500              0.10841169D-1
     67.15094300             0.31942317D-1
     32.96180500             0.84894757D-1
     16.17967700             0.1856741163
      7.941978900            0.3046790243
      3.898410800            0.3454515448
      1.913579300            0.2021923255
      0.939302210            0.0382708880
      0.461067190            0.32741956D-2
      0.226320080            0.15021104D-3
      0.111091790            0.47903874D-3
      0.054530669           -0.31821261D-4
P   18   1.00
   9780.0262000              0.36505507D-5
   4800.6372000              0.38364739D-5
   2356.4475000              0.25279606D-4
   1156.6891000              0.74471021D-4
    567.7740000              0.26448086D-3
    278.6983300              0.87332482D-3
    136.8022500              0.27778292D-2
     67.15094300             0.82927386D-2
     32.96180500             0.22358523D-1
     16.17967700             0.50261912D-1
      7.941978900            0.84322121D-1
      3.898410800            0.1027551345
      1.913579300            0.0439406597
      0.939302210           -0.1516621272
      0.461067190           -0.3455306449
      0.226320080           -0.3849154447
      0.111091790           -0.2327052014
      0.054530669           -0.0528525390
P   1   1.00
      1.913579300            1.0000000
P   1   1.00
      0.939302210            1.0000000
P   1   1.00
      0.461067190            1.0000000
P   1   1.00
      0.226320080            1.0000000
P   1   1.00
      0.111091790            1.0000000
P   1   1.00
      0.054530669            1.0000000
D   1   1.00
      8.1157469              1.0000000
D   1   1.00
      3.6595333              1.0000000
D   1   1.00
      1.6501480              1.0000000
D   1   1.00
      0.7440808              1.0000000
D   1   1.00
      0.3355191              1.0000000
D   1   1.00
      0.1512915              1.0000000
F   1   1.00
      1.7321483              1.0000000
F   1   1.00
      0.7770966              1.0000000
F   1   1.00
      0.3486301              1.0000000
F   1   1.00
      0.1564065              1.0000000
F   1   1.00
      0.0701689              1.0000000
G   1   1.00
      1.5999868              1.0000000
G   1   1.00
      0.9809852              1.0000000
G   1   1.00
      0.6014624              1.0000000
G   1   1.00
      0.3687691              1.0000000
H   1   1.00
      1.5347571              1.0000000
H   1   1.00
      0.9157262              1.0000000
H   1   1.00
      0.5463760              1.0000000
I   1   1.00
      1.5000000              1.0000000
I   1   1.00
      0.7570000              1.0000000
J   1   1.00
      1.2090000              1.0000000
****
